Programming Assignment 7.3: Longest Increasing Subsequesnce

The Longest Increasing Subsequence (LIS) is defined as the longest subsequence of a sequence such that all elements of the subsequence are sorted in increasing order.
Write a program in C to find the Longest Increasing Subsequence of a given array A.

Input:
The first line of input contains an integer N, denoting the size of array A.

Output:
Length of longest common subsequence.

Example:
Input:
5
3 10 2 1 20

Output:
3


Explanation:
The longest increasing subsequence is 3, 10, 20.

Constraints:
1 <= N <= 105
-1000 <= Ai <= 1000

Sample Test Cases
Input	Output
Test Case 1	
3
1 2 2
2
Test Case 2	
4
50 10 50 10
2
Test Case 3	
6
1 2 3 4 5 6
6
Test Case 4	
12
30 -35 35 15 15 -5 5 10 10 -20 20 25
6
Test Case 5	
6
-50 10 10 20 20 5
3
Test Case 6	
10000
962 3779 2808 8672 273 9141 615 9546 845 3433 7746 1733 4258 6611 2574 8686 6187 5527 2414 6442 3967 7020 3266 847 5966 7829 1599 9789 1903 5828 6885 2112 7926 5339 4226 9157 8743 214 7742 1142 1540 6996 942 1508 8558 8815 8589 3343 497 7149 5290 7472 1374 2184 9407 3722 1768 3659 4537 5918 286 2865 3072 1964 2078 7094 7621 4343 253 6902 8568 3361 1361 3450 7517 5355 7376 2837 9877 2710 4481 6982 7532 2094 4266 6803 3984 9057 4369 2392 7779 8366 1203 8930 3458 4979 3504 4541 9159 7734 2044 3522 4467 4390 354 9622 8918 4340 5388 4558 7971 1473 6945 4961 2390 2977 9231 1713 6338 5137 6234 5256 2238 8594 4661 2050 3390 2126 3919 4995 2404 6127 8862 1996 6478 484 180 5369 2936 7452 7633 8059 7888 3346 7773 929 2377 5334 2766 3804 6177 5117 3317 1018 4327 5621 6786 374 2971 5061 1930 8146 8117 4077 9634 9090 2801 6346 7151 1571 7663 8908 3716 2348 7136 5676 7662 3902 9592 7796 1518 2530 7392 5838 3819 5255 6972 1704 5533 1882 638 9821 2929 5687 7535 6669 5645 6687 7979 5440 2972 3946 7974 9124 8484 3910 3373 7504 1197 3868 762 3582 1694 207 6409 1237 5616 2699 2769 8519 2721 6365 976 1270 9086 2461 6867 5046 4521 2520 159 7955 9523 2452 3965 1160 5869 6787 9088 4759 1477 3512 8878 2610 8916 7771 5946 2410 2937 8432 2336 8280 6399 4316 3720 640 1674 2340 4564 9466 3786 9059 9764 2219 7761 8285 680 6328 7096 6851 1579 4927 96 4367 1290 2656 8804 5546 7583 2320 2969 335 7217 5008 9111 4873 7529 679 8405 6273 1291 7785 3371 7117 7652 1145 6522 1493 3155 6663 3033 5545 2948 4546 4769 9975 8612 9939 7229 1657 1114 4205 5147 2666 1645 2268 6285 2542 6781 9301 9820 2831 1211 6216 5478 4224 2207 973 8969 4294 1985 5264 2790 2502 4358 198 4490 3234 4450 1365 4545 3229 2475 3086 1836 1812 1618 4217 5897 6315 5778 3172 3485 8083 1093 3835 9857 5088 6826 9099 8764 963 9806 6718 8605 1791 9108 7484 1670 4413 4643 6764 3550 1499 7497 161 8524 7839 4022 1577 5589 3437 5333 3646 4088 4875 4520 9786 280 5646 3739 9261 5548 5789 749 3271 5378 729 6087 7906 5511 6738 5696 3331 2476 8433 7036 7790 753 9349 2680 8441 156 258 4705 5540 9838 6481 9650 6400 6402 5307 2249 6957 1621 5739 399 1620 9490 853 4179 1245 6151 7699 9216 6998 4578 4083 6489 7225 2795 4978 9031 2989 2797 3344 28 3409 49 9713 4473 6303 8099 9694 6730 5453 2547 314 3884 1612 892 1780 9498 4633 7147 263 2252 3202 627 7230 4680 12 2783 8994 2448 4907 959 7606 1840 9388 7185 2324 4840 255 1673 1622 6878 1089 2587 8522 5814 2284 5093 9151 2267 2087 7233 6145 429 8279 4511 7743 7960 5434 8733 8759 3765 8469 2563 4468 6657 8631 2697 9865 3918 9859 3593 8248 2529 317 5014 6347 6388 3208 457 4378 741 8393 305 4262 4706 6098 4751 3503 3400 7236 1275 7181 226 2438 2234 3895 7598 5517 7677 9534 1568 8993 6533 4877 6376 7042 5069 1355 8414 1754 5491 2233 7395 9256 3915 1125 2344 6477 7006 3543 9373 7889 5107 851 9636 8124 4453 4623 4573 6760 2915 5060 8208 4218 5275 4571 4094 4240 3840 1643 3165 7389 537 6660 1348 4914 163 631 9411 8063 8991 8195 6423 9605 3670 9828 4837 1253 2701 9467 754 1375 1853 7737 1396 9649 9468 1164 4420 6220 8256 1496 7187 8159 6868 5699 9280 6842 6294 5284 3992 2861 7103 6443 9524 3847 6465 5846 6837 9539 8580 281 5688 8385 1094 3592 7941 6707 1634 4319 2556 3249 1788 2312 3151 9633 9484 9178 1069 1913 5959 1967 2294 8082 2376 1347 4576 7048 4212 9640 4899 4400 7087 750 8688 2724 4471 65 7976 2604 2622 3878 6314 4831 9143 4813 1479 2586 8818 4614 5405 6024 6810 9874 6012 9603 9780 3741 8988 9535 949 4310 528 5135 8294 4112 9628 1257 4167 5139 2386 2725 3574 4942 3557 6251 4000 1517 7704 6505 9817 9289 4162 3391 7661 1025 7866 9022 5280 3928 8501 3384 5296 2640 9831 4061 8465 4042 3103 2152 686 6893 3888 5519 1432 1893 560 9772 6421 1113 5638 1692 3274 4700 1481 8792 292 3352 8822 3827 6870 1395 7082 4804 3663 2669 5346 2177 5930 4489 1266 5106 7211 2085 1981 3241 8641 7411 8490 7194 5066 1897 8254 8212 1617 7260 3892 6612 2295 2034 1794 2121 466 2100 6479 8069 6574 1611 8763 9644 5331 8901 3715 5555 6725 852 7354 3022 2526 4121 7261 183 4896 5993 2056 3096 2546 3639 1843 8388 1564 6943 6184 5274 3001 6684 8574 7071 8389 7627 9691 2737 8027 5969 8349 6958 1285 4049 1551 7831 4175 7121 3294 6724 9775 6201 4392 5319 3204 7152 4231 585 9840 3156 2647 894 947 3680 4007 4291 1945 964 9397 1846 3905 9661 7168 3379 8923 3623 166 8569 2857 720 4414 9981 828 3531 2527 4663 7749 2372 2664 3743 8359 6267 7471 8520 3705 7474 7578 1803 1157 2381 9735 4330 2576 4017 1011 7958 6936 4073 6496 2504 570 436 9297 7733 613 7008 8646 1973 4273 9886 9475 7465 5862 2629 3709 9672 8481 5043 5344 3174 7017 3250 5777 8806 1366 5958 9537 6709 9262 3015 5698 842 9646 9547 2342 7944 8304 5122 4673 3691 5985 7438 9279 4626 1924 9664 714 8449 9575 8228 4096 3197 6183 7925 5237 5294 1110 550 9673 151 6643 7053 9567 4618 9190 9210 805 5128 7073 3098 3139 3039 8153 460 5995 5658 8875 8343 385 6049 9862 5752 1899 1529 7107 2146 2812 1193 1855 8330 32 2658 7660 6646 1752 5881 5552 7553 790 6102 6637 8585 7602 9036 3782 7757 6874 6021 9163 6960 1312 6700 4882 7630 9112 5643 568 4427 1709 1439 3724 1758 1259 2436 6823 5029 1277 2916 7237 8997 3872 9898 6011 5342 4802 476 1318 4889 9429 1363 9902 6620 3452 900 3696 7397 196 661 9667 1971 8009 968 9572 412 426 4924 5931 7332 9961 4835 8072 7128 7808 6510 7900 3951 2180 1654 4099 7467 6785 5483 4902 1905 1987 2123 7402 4265 408 2923 6084 287 89 2591 6490 4276 4989 7809 7333 6317 8403 9385 9915 3640 1533 6618 3040 398 8705 492 6812 358 8203 6073 748 1041 7113 2183 6516 6302 2444 3157 6192 2343 7619 2510 3551 9084 8618 6541 9719 8903 5850 5740 5889 1032 3071 3134 3612 958 9980 3978 7708 2148 6264 4165 2047 5215 5853 7712 13 7973 5387 8132 193 7586 443 3652 6295 8716 9323 471 4552 158 8543 7329 1036 4910 9987 1766 9285 9015 9125 5851 6414 5455 3367 270 9635 7942 1838 2277 7108 4012 9731 6940 8137 5005 934 5327 9695 5532 2409 2791 4288 8209 4778 2756 7001 2740 4161 5022 1739 2599 3664 4735 1565 5950 72 5361 5320 8103 3253 8553 5788 551 2997 9116 3867 1951 7447 6398 6353 8622 5309 4527 1991 1064 7959 4201 6564 4504 8859 716 4671 4894 1580 2257 7966 1741 6270 2834 5472 5727 9704 6461 5340 7683 4220 1488 574 7616 400 7962 9117 8734 2387 5337 353 8650 5512 2636 4321 8077 4277 6521 9070 5332 6629 4981 9949 3021 643 4241 1826 7558 5710 1212 8917 2889 1109 241 1150 5132 6319 3123 2554 5298 2223 3565 9033 5590 6146 7803 3302 8287 9494 8341 1090 5375 2606 3077 2637 8590 5090 2767 6498 1731 8190 5649 6825 1934 4144 3064 1133 4009 2393 5815 7009 980 2201 9413 2303 6517 9518 3898 8427 3396 4525 3111 4368 8238 8138 7710 8644 1531 5704 1016 58 3651 5818 6642 2528 4100 4036 8179 3820 7828 3055 5568 4110 6230 1023 1474 1852 7114 6984 5623 1550 6565 1401 1963 7349 1315 6550 2109 3143 8663 355 641 3624 3885 8461 886 5200 438 9969 1842 9578 2374 1437 5276 6886 6655 9438 5018 4361 4336 4331 7512 5705 3295 6323 9669 4999 1801 9873 7280 9993 6308 5682 619 5941 6173 3154 8581 239 3329 2907 2986 9827 3441 9495 31 2274 7521 6716 3159 7543 6257 5079 9206 1024 3221 9739 8394 6231 3521 824 4747 5138 982 1874 7074 7538 2789 4198 685 2468 6210 2478 387 2624 9651 7670 2958 8664 2325 6572 3602 590 2140 4320 1608 6845 4679 9254 4568 1558 8945 6864 474 3097 2037 4549 708 3487 9283 7088 8370 9021 6821 6081 3453 7945 6417 113 3686 990 9341 3730 1615 548 8062 7357 5994 2924 7910 9107 5073 4591 8277 371 7640 4221 4068 4555 6276 9360 9732 9599 5367 7054 7863 4595 2932 6942 8166 6668 2497 97 4777 2205 9965 7426 6383 9217 185 8425 350 5849 4794 1122 7255 4718 9135 3744 1134 6222 1989 4263 3043 4960 8567 5768 6161 5463 927 4947 4637 521 5454 7208 4949 2187 5336 9562 3621 4259 6625 8999 6907 3975 1765 5728 9851 6153 2508 2751 8542 4114 6067 3507 6221 8402 3010 8324 9003 5510 5928 8816 9734 9184 1301 5741 6341 4926 3559 7781 2722 8230 6351 9999 681 1884 3956 3223 4441 9032 9324 5006 3987 9392 9805 3177 5142 213 8870 2990 3648 2750 2416 960 8597 4192 7874 2193 9752 7132 5588 9607 3810 6407 167 5809 3041 8973 9202 3815 5155 3290 6732 3676 2644 4561 1243 8723 3108 9670 5773 5872 1538 9942 7269 7303 2810 4031 7794 1742 9030 6284 51 5223 9182 7997 2847 3455 8348 4796 3183 85 5479 1126 5840 3375 8305 8384 2359 9785 4124 7026 9089 8462 1176 936 2077 7098 7254 4588 8375 8428 3200 9597 799 5695 5522 5499 39 5270 7767 970 6097 453 6337 4785 7265 5158 3340 4593 2920 4078 8715 2708 8820 154 5241 9823 7287 5874 5167 6706 150 3961 950 8142 7246 7763 283 9573 7618 4938 9826 5582 6380 3943 5165 4236 693 866 3887 7533 6540 2605 3337 2107 4916 1799 9489 7049 5013 2561 2842 2144 1140 5306 9555 403 2597 8795 7377 310 8929 3056 6408 692 389 9465 5964 9653 8860 6715 1824 293 6065 6130 5640 3822 1978 2714 8080 7167 7599 3147 3753 8909 2961 9366 4788 5803 272 2955 8263 6188 3968 1451 2507 2379 9000 6918 9757 3993 7033 1224 6877 9166 7076 4475 2496 2354 9433 7277 8778 8687 699 5551 6041 9364 5731 8812 7837 5398 2024 4608 9505 149 4952 2035 4268 8769 5451 664 8000 2512 6753 9414 3726 2909 135 5566 4616 9248 7003 3388 6937 5693 5461 6233 77 3684 3479 5983 4905 9042 4145 7799 2646 7218 4808 6082 4550 7948 7034 3948 1208 7013 6854 2088 6459 6788 197 9737 18 4893 3655 5271 6007 7673 855 2310 100 4859 8396 9306 3053 4402 8032 9249 7983 1326 5591 3314 8332 2904 5781 20 535 9677 4052 5149 5118 3757 1968 7639 8974 9683 1457 4963 6890 1671 4428 5572 1417 1054 8825 9492 802 384 622 2952 806 1383 7291 7591 8021 3122 8110 6391 9860 4932 5021 209 3839 6783 8213 3929 9461 4295 8800 26 7793 2779 5523 1405 388 7957 8412 8728 6690 1808 377 5706 9992 3996 7410 3127 9044 5468 9959 6286 6876 9550 5360 6440 8766 3374 784 2141 9085 4 5834 2956 7043 5159 5597 4387 9656 5009 7953 4482 7342 2264 3482 5875 3799 7245 9270 4477 5970 1720 3186 7908 5748 4118 9551 8963 145 7881 8144 8654 6675 1151 7590 8070 7805 8473 9051 141 7525 3265 9077 8601 6983 9556 3109 5168 7196 4670 2871 7968 4157 9342 9510 1775 3058 815 3240 6676 6112 2678 3446 7596 1705 2017 4650 2039 8556 4998 9187 4149 895 6970 1850 81 1693 5642 3641 3667 7258 7418 881 2117 7337 7666 9974 1887 2053 4566 9810 7313 1525 4143 579 248 6733 1241 8751 9272 2439 3067 173 5538 441 4472 5465 4503 7720 6702 8257 2726 3627 6578 7624 4985 6980 911 6395 246 810 8670 8607 9953 4379 2327 8207 7195 2950 9617 2283 1006 6357 303 9268 9251 9892 4535 1958 8391 7770 3879 187 8582 8500 376 3631 4886 9895 5691 4715 7065 3607 5119 2301 3873 1769 7272 5767 5678 9144 8200 5921 4983 737 1573 6512 7548 3749 1512 2558 6573 9570 9330 2061 4799 9686 5110 4483 5771 3702 5535 8531 2980 8786 195 2189 1051 7306 569 6486 6248 7668 2215 7623 5960 5226 9745 5915 6722 1676 6532 8550 9746 9811 7555 2282 7425 407 821 1600 275 4113 5549 752 9614 4656 7996 9417 7735 4163 7659 3669 2893 1927 5802 3832 1919 8020 3776 3394 917 4579 8559 530 7220 786 9303 7012 4350 1306 1028 5962 586 8416 1907 7498 7421 8347 6514 3220 5265 1707 4289 8527 5077 8525 2190 6869 580 4711 9074 1385 7178 4478 6307 4405 5936 5353 7859 6846 5229 7592 9488 7857 856 9299 7999 8629 3196 5416 5735 4878 4543 1418 472 4242 4619 5604 3243 3734 2743 7374 4033 4437 1725 4223 3998 4142 1734 3979 3181 8914 9041 5305 4479 4203 8169 4864 9174 1584 3324 9697 6840 3231 6218 2248 523 2981 4531 8781 6899 3428 6672 3276 5288 8329 9530 5059 8775 9935 7317 9574 904 2965 7565 9398 573 1576 796 2519 4127 9252 7480 7024 3232 5598 971 6333 5973 1885 2339 152 142 8216 850 1918 8819 5787 4002 629 5194 6953 434 5713 8883 5193 9948 5867 4596 2170 9384 4736 3629 6186 6914 8656 880 4581 8013 9412 2578 7139 7045 4647 6939 7584 8093 662 2856 2775 5197 5104 4274 7826 872 4880 1436 9452 5833 4536 5775 4953 8012 9200 1793 7473 7904 1147 756 3614 8378 6016 7539 8674 1333 8002 5140 7554 3735 2571 5823 9638 5976 3310 512 7492 1213 5717 5908 1398 4440 8262 1528 8919 1574 2091 8701 4063 7270 3349 1337 8152 8777 8712 1265 3707 3353 7321 4041 7611 4384 421 9645 3259 6799 3085 1666 2536 4412 2757 3417 3459 3870 1943 8970 7212 7202 1743 7811 9189 4005 8030 3411 5236 9453 5492 7654 1008 1063 7777 3496 4037 8275 2389 1184 5230 17 7083 1753 6197 6463 2330 1413 4256 2653 7698 8673 4058 9004 991 1972 5175 7200 3422 7125 9043 2341 2814 6304 5146 6882 7563 4180 3238 9715 3486 1511 8361 4755 2531 6853 8474 4016 8562 4238 3316 6822 2269 9940 2569 2225 8113 9878 9161 6883 3977 5521 6052 7887 2297 3596 4460 4676 3588 3699 6667 4954 8317 446 3164 7995 8443 6435 9172 7007 6613 1784 5967 6390 4871 2230 1441 553 8817 4602 8928 6259 6093 1221 6739 6729 1521 3491 7163 174 9038 7797 4470 8557 6119 725 7429 6046 7897 1633 8506 3636 2663 5904 5736 4860 1724 8045 4425 5100 7756 2175 9580 6710 3610 6209 3082 8682 482 6807 3178 8864 5825 6431 6040 4271 7526 2700 7314 68 4919 4801 5980 6922 6271 7918 2072 4688 9621 2760 4649 3644 9020 7853 7364 4667 7156 2596 5254 5273 4116 4603 1929 4126 2130 8489 4357 342 6590 7844 6191 6449 5469 3484 3714 9678 6857 7736 7414 5841 7729 8447 695 8657 2292 6971 7311 944 3104 4734 1328 9246 710 8783 5798 554 3213 1816 8876 5636 7417 3024 491 9919 6339 7 7335 423 4070 338 3733 7219 5627 1492 2455 1472 7675 7530 7507 8749 5485 8163 2073 2555 6536 9842 7566 4051 7182 3326 1762 6167 9766 9154 6931 6503 2692 109 6080 7482 9906 2009 7788 4996 7144 3587 372 555 4332 4570 8606 1636 4293 8451 8722 6602 1809 6108 1154 3775 9988 136 1878 3045 4652 2075 2076 9368 5863 4219 1541 5016 5399 495 6599 53 6058 5162 1502 3261 5785 1935 1002 8620 9120 3430 8894 2388 7655 890 3539 5386 3222 6455 5391 1381 939 6843 6737 308 6727 2500 3279 6411 5097 3144 2349 575 5063 1721 257 2630 7455 8423 820 1026 363 8135 5169 7527 2023 3677 5401 6571 9138 3312 7842 8831 6771 9180 2490 2718 8112 4278 1718 5426 2742 801 8250 7223 2993 8758 5981 4717 5765 2098 9278 5504 6104 322 3093 6688 5689 9011 7832 6714 8007 9435 2499 6033 5357 3914 8711 6156 120 2102 5848 4957 3843 620 1557 1319 2199 6556 5372 6694 1547 6354 1118 3044 4699 8677 3605 4839 1942 7293 975 2036 5187 8555 8426 326 3207 2655 8220 7249 2603 907 9025 1662 1644 6501 4122 4834 9080 1914 7772 5858 3308 9197 6434 8188 6144 3236 1861 278 8662 4197 8452 8371 1296 9152 2784 6013 5575 75 8693 8244 7288 7896 6297 7221 6548 9282 9363 3272 1087 5842 7672 8041 1284 401 5562 5762 6288 1039 6762 2485 5424 3938 3048 5 5942 2614 3796 8773 1984 4150 1928 19 5503 1339 1624 6254 1532 7300 8710 2156 7483 8193 7353 2489 1959 5509 1435 8162 1857 9353 9403 2883 7488 2401 9762 3831 9637 2443 394 9265 9307 9612 4697 5094 6163 4994 3630 4772 6268 5939 4534 1544 8130 8491 9903 5810 2539 4307 4015 1108 3844 8296 4065 4800 3653 4040 1260 8177 2442 5564 2906 3954 8026 124 5813 9444 1711 3480 7375 7827 4733 7727 544 8653 9794 4131 667 48 4678 3214 996 7994 3976 6265 6099 4107 2780 4763 8868 7214 4454 4548 7814 7281 7378 2244 9738 1440 3347 3855 6873 1097 269 2912 9721 678 6410 3466 9160 448 861 8495 6 6831 6966 1890 8108 7518 2217 4553 8615 7494 8231 8791 5565 5694 8125 7576 5050 1220 102 9930 818 4874 6798 7490 2525 5821 2947 8708 7856 9934 605 4253 1305 5794 6287 5583 2876 3760 7005 8621 277 5557 8776 9493 9996 2157 8996 5205 2535 524 5506 2415 1236 2551 2880 1334 5837 2870 4484 6601 1178 3581 4360 306 3883 4403 2361 5514 6963 7534 1482 9932 7984 6149 7301 440 4270 7099 9329 5513 4897 7567 417 6628 7000 9804 1394 6438 5354 1651 7323 9455 132 3770 7748 4388 3003 254 9253 797 5227 1297 2247 9400 2025 3859 1696 4810 2188 4508 9527 8255 4744 1655 7247 6875 6547 3293 795 6299 5830 9402 2147 4202 5596 578 6828 9643 458 8727 2158 8707 5365 1019 7747 7035 8487 7308 1469 4004 8273 4309 4701 284 4371 7792 4752 7251 8174 5286 4622 2178 6062 1298 7140 1188 9127 5099 3297 1560 1629 126 5940 3073 9897 9209 4317 3591 7327 3153 6919 584 2355 4524 1818 7909 6805 1065 8178 5443 5934 5895 2218 5384 6594 9962 8222 2385 4975 179 6504 3594 3661 5430 9561 461 8111 8740 5683 5701 2114 6194 2878 2866 5035 74 6316 4510 3601 8468 8106 3282 4408 8114 5031 4081 5886 4362 38 9322 7872 83 4298 3304 1295 510 1946 452 3376 527 2064 2707 6932 8856 3254 2029 1273 3410 7800 8143 4234 9302 1070 538 1886 6865 4239 8854 1422 3896 9668 9235 4821 5092 2197 4136 2516 1605 2052 313 2143 9474 2859 5708 3970 227 5639 6894 3366 5413 4797 8832 6061 2242 588 7520 5085 6897 4911 4026 7188 7758 8639 9529 2276 2628 889 4486 8897 3535 5208 9361 9391 5732 2944 9925 6888 8098 170 9456 4830 3383 5700 2538 666 7571 3795 4492 8655 8596 6142 3498 129 7322 5486 4013 8319 2222 764 4301 3711 8573 3052 9072 763 6115 6241 6014 8091 2481 3527 5692 8187 5725 8097 4024 1230 9109 3825 8537 4021 1056 2040 9037 8745 7855 5652 4820 9971 2103 90 7341 7146 1067 8175 3401 814 4120 6199 2852 2331 2216 6444 5576 1687 8466 8293 9150 7037 2456 8129 3824 92 4959 5148 6078 8802 35 794 9241 9333 2679 2366 6598 6674 8551 6941 8937 8717 8851 5626 2802 7453 6359 1797 4713 8404 4900 7943 4103 918 6165 6855 4589 9181 5437 1111 3692 4386 1460 4741 1124 2705 5041 8546 3140 4805 2988 5749 8608 3997 5829 9371 8995 3028 6228 3789 5615 517 8516 1570 4870 64 8640 4451 4281 8844 5407 5887 1444 291 7105 6301 5907 6537 6178 7901 572 2829 2134 6979 8360 3119 5160 5561 1359 9559 4171 7753 3511 3801 943 2631 4264 7834 5190 1561 7725 1152 9445 7481 9377 7131 4243 8947 139 7892 5019 6340 256 634 8830 5806 5482 5323 5343 5644 2206 4034 2919 42 5202 78 1932 225 1854 8968 6784 9542 2168 5888 9557 9381 8534 4529 4925 4417 6794 3474 7031 9049 5776 2584 249 6296 7615 7479 7431 4008 7852 8925 9777 411 112 6070 9956 7522 6904 650 8148 4339 2370 5287 1695 2391 5452 9499 5436 6371 4754 8290 9879 3940 4712 6277 1906 2534 9585 633 8023 6554 7430 7676 7952 6994 5625 1452 8784 3438 3781 8309 1902 5709 9101 9718 5786 9458 2579 9401 8331 9055 8066 6830 5961 4056 4782 4010 6817 4890 6473 6518 3152 8961 9483 5383 4826 8268 2552 8560 8720 268 9997 3013 2427 4463 4366 6524 5143 6356 7505 6519 2688 6917 931 2643 3256 2946 162 1045 8019 3012 5120 3112 9156 547 339 9436 776 9947 7614 9328 1926 4836 3219 8681 3292 200 6624 4779 9344 8549 489 1046 79 946 2179 1132 8053 2807 360 5944 8229 6639 8320 7109 5299 6916 7568 874 9706 8355 2821 6311 6238 3038 6055 7213 6603 6330 3116 7372 5920 6544 1856 7786 7862 7657 2559 5763 8699 1371 4586 5351 2315 454 9904 5053 2968 7860 413 9293 7407 3980 7798 5076 3088 4426 3488 1682 1500 8966 4105 2772 6898 6174 6644 140 9689 1880 6293 9067 2237 3861 8554 3912 7890 5657 6906 8049 1593 4648 4639 82 2135 4147 9581 4719 9583 6670 211 5471 8183 5253 2573 6703 4500 7838 8719 7804 1104 3406 1491 4976 1136 9610 7112 6809 8155 2607 437 1526 4245 5086 1659 5127 2426 9712 1165 8750 1845 6225 3533 7981 8627 5956 6834 3584 770 8523 8513 2011 5189 3784 2517 5418 5181 5690 235 1630 9269 6507 9970 7939 7330 9623 341 430 1497 1031 5913 6107 4862 8374 914 7491 3576 4095 8323 655 3578 5078 4445 3363 3395 3398 1715 7920 8252 8197 3405 9540 6546 8131 5797 9693 6106 9421 6651 9870 333 2067 1335 1299 5102 5633 923 8504 2120 1909 7762 9073 4416 2548 172 8796 9440 9741 9352 5661 8464 3075 1735 878 4760 4086 7840 8642 5791 2232 2702 7379 9339 7470 5747 3802 229 9158 745 3690 6133 2472 608 3838 5525 2752 1513 6621 7822 3357 2914 6420 7573 8046 1106 6370 8301 7153 8787 3393 6741 6759 2927 9844 5129 775 5832 9797 7937 6579 386 8407 979 1353 4093 6236 4922 9267 2602 2323 7682 7791 8726 7433 1038 1781 8545 3451 901 4436 9818 2938 340 1269 3129 7867 6150 7694 459 6567 4233 5325 9596 957 9858 44 5702 2868 7133 3283 5990 9481 1215 3586 2746 9462 6094 8998 3350 9755 2007 4044 4047 2611 2686 6032 3618 1202 265 3092 5423 6946 329 7027 6545 8614 3537 1582 442 7362 9699 6712 7731 5831 4465 4014 717 6990 7424 1446 4934 1592 8282 4583 4940 462 9957 3803 5793 2892 1805 5134 451 8258 416 1076 6909 7975 2615 9486 7127 4822 3162 9308 8702 8313 2638 932 5891 1061 3278 4084 4776 2194 7193 6935 9316 7366 259 2337 616 1198 8123 3908 4164 5677 8512 5744 1483 7589 5750 3854 1261 8100 3569 9819 7018 9422 5742 8803 8065 6223 7215 4035 1466 6208 6272 1690 6581 405 6437 3163 1408 8548 1983 8824 2543 1448 4020 7715 3382 2506 1321 899 2362 9986 6215 6034 6010 8128 1642 5919 9264 6862 4225 3650 1553 8877 4282 5947 439 4869 5585 9882 1597 4704 6454 1017 9771 6138 893 2682 8018 3807 9169 6322 862 4418 6929 1099 4833 2418 9326 2176 2537 6633 9263 4621 9888 1332 6060 5826 6300 7577 47 2256 1904 6000 4814 2111 2227 364 7206 8154 3110 8339 2715 4488 9710 9887 3335 4641 3689 3683 8948 1821 8536 2070 3939 3583 7992 8696 2553 9802 7077 7528 6086 3809 9426 5800 1217 2719 3960 6701 6806 628 1603 9778 8946 1404 2727 6920 1873 9642 4053 5154 6558 307 9885 3299 7988 4216 114 8798 6949 884 1770 4565 7632 5373 8882 1424 2419 5501 6219 6360 1246 8659 4398 8632 5098 9240 5125 5317 444 7102 4611 6071 8057 2899 9725 9946 4738 59 1281 9257 773 2027 1402 3841 1800 6095 4530 4677 2598 701 6568 2869 566 2380 5894 1562 4746 2617 8660 9007 2695 7041 2432 6401 2635 7122 368 1071 1144 5603 2127 8771 4987 2681 4191 7025 6132 6580 2462 5634 6244 673 1877 8025 2652 6362 4606 6777 5879 9709 4168 5544 7302 6355 8089 1182 5212 3833 4597 5036 4768 2873 654 6975 9606 644 3642 4669 8900 2815 6077 2291 4582 1892 514 301 8346 7244 4195 8035 8056 1536 6378 3362 8054 5667 7536 564 4449 2364 2650 8086 7174 6721 4159 6412 2676 2511 4506 2020 1380 2272 6312 1478 3359 7911 1161 5341 6483 43 8610 6342 8535 8508 984 1827 6141 1128 2594 2515 6964 4560 1302 4190 5796 3773 5234 941 8907 9516 4410 8633 3342 2683 1548 5074 8885 4455 3209 6789 767 9680 2451 7651 1778 4865 328 2307 5586 6973 6755 1759 4572 1806 7158 3897 3697 5534 2228 8752 3080 6001 1416 7774 1268 6445 6394 104 242 4846 6956 5909 9779 3415 8575 543 8033 7110 6172 2928 1976 7092 9362 8951 8873 8265 8218 1179 8895 9620 6332 4006 2084 6180 1555 3372 9576 5141 9118 4092 84 1792 9123 1421 567 7180 9675 5679 5712 8289 3262 5641 8239 1970 1569 6196 891 1717 8517 9365 7582 3553 5040 9149 3336 478 706 9441 2843 4819 1062 4662 296 5914 4904 3969 5991 8141 6847 2943 1616 4612 5281 4973 2890 7870 6140 9470 6426 3747 9515 3211 27 3188 1107 4977 3135 3076 7419 7343 5329 2136 3284 2896 4867 6819 507 9419 6450 5865 4828 8847 3074 988 1601 221 7259 3917 1369 2817 7439 8040 9211 3270 8202 7503 559 8251 1420 9129 8297 3603 2447 823 1872 6748 9512 2302 1866 220 1494 1102 1158 8085 6746 469 55 7072 9639 768 3604 435 2296 9927 9608 7177 9648 6239 8600 7346 7420 2400 4974 8475 6290 1660 6466 8604 1139 6148 3649 5067 4731 2405 7169 5948 9549 9213 7399 4247 2595 3555 1053 618 3035 5363 6606 1863 3518 8232 2985 1130 4380 4774 5448 6934 5057 3742 6597 2619 7339 3818 288 8335 6681 4664 509 833 5054 1652 3942 7594 6881 7608 1965 3821 2467 4598 8902 2996 8942 2600 1195 9229 3717 800 3506 888 4982 6160 4443 7396 188 2501 1287 9061 7987 4547 9215 1627 1993 2983 4249 7171 4290 9998 3066 2735 2403 6584 6044 5998 7557 8762 830 3508 9047 3708 4967 637 3386 6494 5174 2132 6513 2300 4304 6023 2138 4627 4172 6981 4951 2583 647 3788 7104 8043 2593 6774 8039 4140 5068 2308 5761 7106 4166 5217 4921 2446 6089 1772 9367 8055 4675 2672 9989 3637 3541 7759 481 1925 8271 817 8965 5723 6991 5032 485 6039 7276 7719 8628 966 954 2241 9459 5362 1055 202 5218 6056 755 4970 6037 425 6111 3580 9314 591 243 5987 3647 2713 1688 9908 2913 5177 7309 2191 3674 1979 2661 8638 5587 500 2860 3285 2523 4138 2879 9034 2813 3149 4756 5721 1787 6237 1714 493 9803 6595 1465 3519 5460 1591 5579 2018 581 5238 2182 7579 8001 4728 383 4658 6622 6004 4251 8161 4170 7091 2200 9616 2689 8497 108 3542 3806 6436 2877 6429 2440 6638 3517 4046 3944 332 57 2319 7595 7836 690 8052 1681 3102 2270 6529 3378 3672 8953 3721 1523 8368 7807 5392 2421 8865 3267 3114 7422 3933 1255 6553 7947 91 5020 611 7032 4657 1429 6967 3564 5242 8521 7203 1556 5665 649 1820 7451 9035 302 4936 8977 5876 9571 499 705 3118 2704 4563 2926 6372 4850 6930 5246 6404 4297 487 4856 9321 5291 3291 2097 1966 2762 7622 3470 9218 4411 5312 6987 8828 7701 419 5812 2471 6662 8303 1384 3201 2567 8503 9800 8678 2210 9068 4689 9312 4244 8198 4027 2407 1889 184 7066 5199 3501 6829 6560 6704 1170 5859 6448 6263 4137 8011 116 5428 5462 1252 3645 1235 6327 9615 8068 5938 4324 1879 6491 5292 4174 5963 1327 7227 3932 5439 5352 7278 3520 7456 1817 2322 8227 6131 5480 660 7334 1706 6240 2360 3950 30 3964 3567 9142 520 7039 5792 3387 8221 5811 8476 7268 1485 6927 4825 2967 3227 4071 8186 8 6100 9660 1286 5145 2618 1604 4929 8983 2930 1922 5505 5877 3146 9136 1870 5195 782 2675 6925 7784 9219 4039 5201 4845 4721 9334 6731 2266 2165 4625 7864 3837 5957 834 7610 8879 9298 4789 2954 903 7986 2732 3115 6229 1763 7385 8871 1767 4182 3793 3078 7681 2694 5045 4045 5715 6072 2214 3476 6416 6976 2082 844 3989 6797 1522 2998 2787 178 6245 7373 7560 6604 4753 7919 2043 5108 688 9978 3206 9923 2437 1639 9204 5278 7508 9652 2004 7040 2592 8884 4653 396 5403 133 6654 5543 4011 3060 6850 8938 9618 7956 6143 7689 2118 1891 7916 8921 5124 2524 683 8823 9259 3289 10000 2570 475 2518 8772 6884 3117 4269 8552 7445 5890 8889 1626 2976 8337 3609 348 3549 9528 8291 6476 3239 9629 8689 73 9195 8782 7161 3700 9984 4912 6915 7544 7711 902 3471 5574 7143 2131 7436 7449 765 465 1066 2221 8499 2488 9595 652 9140 1300 7345 9233 7189 6076 9967 7575 5978 1761 6974 502 9001 6320 1613 9348 4638 1668 6583 7078 9894 6158 9203 6591 5916 8223 4067 5836 2848 6166 6575 9199 8666 8457 7871 4313 6570 3881 4032 1535 7545 9471 5248 9205 8714 9370 3829 2066 3224 8224 1393 8235 967 646 1367 7365 2071 4984 1756 5577 7628 6736 4594 2059 4085 8315 4644 1832 2716 6392 2137 5186 610 5335 6139 2845 9950 7351 447 4208 6325 6352 1822 5179 1131 1050 3589 6666 9374 5755 8866 6661 3440 3769 3678 4261 7413 1123 7412 4702 5817 4423 9379 7613 8774 2172 9198 7489 9192 9687 4629 993 2687 2306 9834 3126 928 2798 2278 6088 422 5860 3532 1549 734 2236 5065 4252 6775 2162 9705 5250 7406 5632 3047 5297 9242 6321 3746 5651 5896 9907 6214 3042 7184 7552 7815 5381 4152 1314 5620 6396 545 2565 4841 515 6203 4742 9626 672 8492 8793 2202 3036 6043 6926 3575 9847 8269 7745 8398 7382 6796 1658 2021 7347 5630 5563 3848 2332 7914 3864 7080 3698 738 4498 5766 5152 3790 7081 7404 3467 8387 3360 2396 940 7239 8015 8584 4421 540 684 4374 9754 5602 5203 1680 4104 9093 1619 9227 5578 93 9375 8199 6719 3286 1664 3419 7570 2626 5121 6677 7358 5164 7383 2435 589 3436 7546 7305 2 8194 1172 2728 8845 6205 8266 8084 8933 1240 6726 3858 245 5553 2032 4326 9756 9014 9517 6289 8284 6059 6734 7515 556 2049 3710 7390 247 1865 4177 9508 45 6252 7063 4507 2493 343 2139 4980 5233 7028 5026 4722 6261 2113 841 4501 3037 345 6190 3505 945 4059 8950 1035 8609 4659 774 5539 2886 3526 8180 5282 8429 612 3412 5266 9028 1169 3320 8191 2311 3325 5769 935 653 5974 4442 9026 9113 623 1777 5476 9632 2474 6242 7898 4156 3463 4577 2198 7752 4683 7768 8438 7850 9982 4739 994 7100 7964 542 5417 9536 3212 2413 8624 2902 2712 3288 6988 7978 9245 6782 5172 4937 5843 2805 9060 6947 9869 7868 1341 1454 4592 1204 9532 2263 1632 3958 3448 9587 5760 791 375 8645 5609 6525 5608 8034 3305 2753 4347 5977 7408 8104 3889 731 5554 9533 2564 2363 4178 4950 431 5624 2371 9905 2293 5204 2008 3435 3184 9040 4737 1047 8234 9914 5593 1163 1847 785 356 3909 3937 2015 4665 9336 9708 9369 2429 5774 8455 6126 8931 3251 1844 1653 1589 6326 598 1841 2782 5262 5422 7716 7093 921 955 4898 1438 2235 8827 2463 4933 7457 1307 9900 8381 5594 8811 9720 8140 3688 9228 153 3957 9096 4624 5095 9690 3662 3893 2186 5996 7631 8978 5722 8037 9891 6336 2951 4125 9727 252 6027 7307 4199 7877 2382 1901 5720 1814 8915 3856 8119 1506 7231 635 8090 1578 9809 6135 1470 6908 1703 2822 1727 5396 657 5314 8226 4631 5917 61 7991 760 1667 349 3397 2288 3499 4352 9183 8431 7235 5901 1700 8460 3643 2185 9920 3319 1515 9972 3930 1484 2580 5301 3414 1238 4082 5660 3633 4207 5560 9692 2019 6008 5795 9356 8939 5028 9437 4322 9064 8288 1736 1231 2874 9609 1823 8307 3500 2030 804 8511 5754 9791 7067 1294 792 2169 9767 3365 8369 780 7056 3354 7903 1192 231 4235 1403 7243 1186 1173 3681 7266 2654 2250 2748 5370 7016 5805 3245 264 7022 4666 6852 7550 3751 7284 4781 3732 6475 9266 7398 4681 7922 6375 5719 9196 9337 5822 920 6211 8204 9565 1467 5954 3923 233 8561 3728 8842 6549 607 1648 7605 164 95 7513 7298 5912 8205 8810 5058 2128 4709 9936 9354 8236 9284 8134 2316 4284 6469 218 4464 9155 7751 1088 2641 777 189 56 3876 4333 4883 3369 849 5965 1462 9191 5133 5992 6331 7671 7915 1311 5123 8245 4151 6137 8684 33 5861 6419 8272 7509 1247 1716 533 3318 531 1534 8989 3682 5007 5672 504 4074 726 8270 5933 2900 9679 9519 798 470 6680 2840 4651 1947 1227 4691 6042 4824 2108 4346 926 4129 6048 4456 9062 9647 1249 4396 5380 2771 8911 2265 4462 3277 7316 409 2430 603 8356 4459 7328 3545 4376 1187 3132 2119 8975 2942 981 582 6182 2028 366 3493 1598 9783 8353 6995 1239 4424 8267 2406 7721 1596 1423 1410 1048 8115 9548 5607 2093 2298 9501 5350 3834 8225 2963 7927 5406 8467 732 8445 674 7124 3014 5267 8261 2434 5714 4513 5984 4843 6913 909 8417 1776 9872 4906 4532 7789 1650 7693 7487 3002 1833 4315 715 546 924 3330 4430 5547 122 2491 3547 3000 3303 9406 6872 2839 99 6879 299 9812 5650 813 450 4395 7843 9274 8680 1358 952 8592 3973 4089 8515 5103 2776 2454 7724 3808 4160 3380 2080 8746 1377 8102 8458 4364 9002 3816 9076 6247 1665 7775 4695 6368 5883 6028 8480 4888 4439 3701 6492 3654 3611 2262 4915 1414 997 498 9916 4559 9531 6232 3817 5101 7475 2777 3615 240 2755 9132 8038 2557 6005 5899 1948 9702 6928 1864 7256 9855 105 4956 7116 3585 3170 8185 144 2911 2321 7226 7299 379 4069 76 4617 1672 9340 3026 9319 8122 4422 1771 9220 7359 5664 1895 8415 3597 6053 6836 9345 6009 2811 9994 2588 7086 3617 4895 9276 9526 7393 5559 8634 1343 1120 7435 1289 3866 4703 3671 5002 2271 9740 7718 5171 5737 5467 9454 9271 3628 5666 7645 601 5259 621 290 1082 9487 7835 5804 6895 7951 7695 238 94 1543 8298 8898 6607 9290 2309 4964 7352 3100 9102 525 3693 9787 9717 6075 5260 8435 6593 382 1020 4948 3468 9901 7285 8139 2299 8706 5595 4607 4335 3124 1810 1915 7290 5409 6439 9507 5906 1737 7824 4765 4881 9443 7282 6619 2864 4966 7620 3862 6427 2793 7648 1712 4169 1786 3136 843 8576 9482 7732 2828 1956 9292 8899 9554 4196 5464 1162 9955 3193 3762 5772 3145 6965 1425 9801 9545 6527 4431 1468 2761 2086 9416 3924 5445 6488 5153 3247 7387 1443 4807 5738 7705 1949 2229 561 1037 9477 1583 2005 4237 327 5115 3469 7923 4917 3425 3408 5550 1524 7500 5277 8858 626 912 630 3953 2634 2730 7002 7669 2345 3311 9175 6632 3150 9963 3321 7023 1100 6647 445 2356 3658 5213 5489 1052 7604 9525 5783 5979 9883 8362 9212 2796 1461 3280 5475 1279 1153 7448 2460 6986 2203 7320 739 1222 7198 4935 1205 1256 6281 8739 2979 9854 7148 6582 8780 3849 3830 8126 2494 526 7894 1795 9758 5178 3660 7561 6555 4516 2317 2940 2609 9852 7267 6954 3703 1098 5247 3695 8157 4723 694 5251 9304 3727 5857 6358 3128 1185 6969 4356 4714 8703 9273 1746 4189 6029 276 3281 7253 8635 1937 3622 7271 2887 7250 8383 8967 4186 3981 5447 7360 5724 9351 6003 6791 6526 1760 1368 9449 3065 7367 5072 4969 7625 2255 6366 5764 3988 3657 8395 4876 8676 2854 6699 6035 4128 9480 3263 4707 22 1936 5866 9078 1415 779 1078 7597 3634 1194 1669 1244 3764 648 2973 6728 5410 4868 5347 3495 9808 781 6381 2763 3105 2698 8350 9770 6063 9552 6856 5001 7511 3598 985 9503 266 624 6756 8630 6626 5622 9681 8990 3620 3665 5989 4682 7312 7331 234 4913 3370 983 6765 9063 1609 6520 5003 4432 8022 2068 5051 60 2759 4476 9177 2239 7242 9990 9913 5450 3168 953 4055 3185 5893 8912 3029 9929 8863 1119 7057 8156 7340 3191 6649 8729 4232 9350 63 9386 9522 7118 9760 1691 2246 5884 9439 3054 5663 5631 1263 8421 8133 6911 9995 2095 2794 1546 3758 2545 3210 4505 6298 5269 1785 1456 8984 8308 6497 9564 6348 3974 1180 656 6645 7709 9097 2966 9750 7051 7755 1166 3931 8586 8992 1638 2674 5191 3906 3754 6801 3536 6243 9863 6692 7572 1242 3068 7990 6226 4685 3759 4098 7461 1476 5488 2000 3377 3863 3921 4176 5490 4522 3540 5751 9052 5782 969 7562 9813 7696 2882 1330 7142 5892 3608 8321 6871 9418 8855 8835 9945 7138 4693 5456 2786 5524 111 3901 5196 3017 9983 5257 938 4729 6685 1304 2550 7466 4727 9824 1490 8471 2122 5854 4620 101 6092 6405 2289 3445 9875 3756 3460 3656 9676 3903 5427 2038 5531 2935 3472 3783 7692 2335 9243 3558 9566 6793 4787 860 8399 5030 6696 7145 1685 999 7700 3752 7201 5151 4849 8765 7175 6168 237 2901 9103 2204 7234 669 1382 9390 2167 8459 319 9318 7556 6335 2428 2862 7754 3613 8453 6615 1426 1459 7224 9378 5322 2895 6682 746 7617 8116 2572 8048 3309 1602 34 5629 8906 1501 6038 2495 2465 351 868 9098 2486 577 8718 8136 6164 2115 7969 1683 8419 5374 8533 1190 3955 4222 3166 7355 1939 2397 8422 9798 217 1084 7706 3718 7458 7101 2423 171 4323 8120 4515 6306 4228 1748 8306 8986 3333 9153 8852 7846 3307 6652 1292 5338 9188 9924 23 3573 9966 7650 1751 1081 8949 9296 8599 1388 9311 2922 9723 1248 7363 25 557 8748 9105 7722 4385 1200 8373 2012 4941 2318 1790 7782 8060 4827 9083 4818 2806 7728 5279 5494 8075 6576 9476 8846 325 4287 5244 6587 1251 3027 7537 7637 1917 951 4111 1489 2960 5390 9281 9774 1516 7593 6989 6083 6713 194 2741 2057 9131 8794 2104 3860 1757 7667 7427 1702 3099 7876 271 7478 2209 4823 6176 5753 6640 4117 5114 7646 5542 6749 9730 5498 8215 1811 3626 1329 5898 1043 7405 3625 4444 6262 392 11 5109 4108 5570 3413 155 6849 7437 486 2625 5010 1007 4338 9106 7921 1324 8756 7664 5435 3339 4654 420 1191 6452 9317 4334 4353 3851 6054 783 4457 4943 8691 9167 8532 1745 203 3966 6543 5442 6858 6559 5648 41 5170 479 4720 3429 5379 9148 8150 7636 1129 668 4725 8850 4514 6678 6134 6382 428 4091 9657 16 5023 2768 7030 5358 8448 4968 9509 468 8647 5952 9380 2101 9431 4048 5911 117 4329 7135 659 1014 8563 1848 1206 4158 6844 3590 1057 1661 5295 4599 67 6511 5835 7776 7304 4050 6835 4132 5999 5105 8312 8351 1641 106 3748 160 2820 2173 5397 887 1308 8064 4791 2897 8300 8725 8095 7050 365 36 6515 3920 9126 260 1049 8176 1849 8874 4409 9773 8233 7097 6101 5136 3462 5935 2792 7444 8669 6502 8160 8470 5880 9728 8042 3113 1219 80 9590 3797 8217 8181 5395 5686 3945 6369 4057 9655 9759 2048 46 3070 5968 5156 1463 5231 8785 4628 1950 5062 6761 3900 4028 2867 4879 5429 9430 6079 4355 1373 3949 4311 3005 337 294 8944 3750 7935 7739 3049 8770 4918 8539 5225 6025 7432 9598 3836 5903 9179 8736 9081 3579 7609 6534 3780 4419 2347 3477 1931 7058 7061 1303 9979 4523 3257 8249 5404 4855 836 6313 8408 4062 215 3882 826 9408 5075 6363 1167 7150 8959 8076 5055 2334 4399 2731 2568 8105 9395 541 2006 1033 9079 8127 9145 4601 2544 6804 69 6833 8028 3563 4783 8479 3338 7055 8094 4229 3273 2738 5943 3595 2739 9845 3792 330 40 2645 1999 456 5924 863 3190 2357 4771 1789 3675 4383 5871 8857 506 9871 2830 606 9146 2212 7930 7886 2514 5500 7228 1807 516 359 2326 7450 1998 6030 1509 4248 3432 972 6747 2273 978 9624 4743 5668 8570 6605 4798 5161 3738 1679 529 7115 9784 639 8325 7713 9291 5316 2445 3509 6258 1430 4696 8588 2484 3322 4965 4407 6195 5580 4866 6002 7325 7744 5318 282 5654 4043 432 5537 2667 9193 5444 8172 6324 4025 4397 2089 4391 6474 2081 8456 8214 3577 3985 3421 3999 6808 3731 8821 1080 3740 3402 7795 6136 1920 8675 3534 4585 9663 5243 3061 4474 1997 6090 9133 6708 6256 9095 9807 5988 989 7403 4562 6924 3560 7273 9685 8488 1442 7612 2905 1407 5113 1115 1232 3090 2155 2420 8869 2709 6767 7401 3712 3619 8409 3971 206 192 7476 2254 223 5477 1520 8151 689 3473 4512 8721 5321 2765 2872 6227 6085 8890 3800 4958 9258 2838 1030 3907 6249 4748 9409 8340 5745 6528 1309 1386 8167 7370 9968 6181 1364 6441 8544 1881 7812 7126 175 8840 4574 4811 4283 1009 858 5680 596 7778 5816 7090 8936 7079 2670 2835 2433 449 8088 8888 1283 4213 6848 8958 8587 9941 7647 8165 5239 6617 9343 8741 6752 3063 3025 3911 2758 8683 5049 480 6892 7011 9457 2581 3544 1572 9056 864 9665 9376 6198 5852 3418 4795 3959 9071 176 5558 7607 4300 397 9463 6389 311 2575 4435 66 5131 4433 9288 8259 2671 3089 201 9553 2665 1631 1813 2286 2982 549 3768 1146 6291 7162 3248 3454 8583 4806 315 9358 6364 3125 5573 4557 9325 2243 236 5515 5599 7209 2051 5359 6387 1537 9641 127 5324 5449 4988 3031 2684 9425 6538 4458 6123 2279 7286 7954 2785 3091 1233 6686 6827 1434 594 3095 87 7690 8081 8486 2711 2159 9478 6863 8145 1656 4146 8668 4584 6069 9115 8738 1623 7810 2736 9793 71 3198 5986 9506 7601 6280 4903 320 1148 8757 7902 7046 7173 5997 6905 7642 9836 9964 9226 873 2353 4066 1267 367 7369 5659 5674 418 2431 2953 4749 9560 6121 9247 7678 190 3034 5784 119 6841 2773 3341 6531 7297 8709 1625 4816 9799 8671 6458 7459 1196 6185 4761 9832 7641 1276 2133 2734 5757 5184 4173 4944 2069 8768 1262 2441 4030 6792 5487 8342 9294 2984 5611 2613 5756 4600 2422 9985 8737 7847 5420 3725 1455 5302 3160 6627 5584 1389 369 9563 2884 6462 9893 3706 9790 4687 6683 390 5180 5083 3823 6816 1980 2150 2457 128 7164 4019 316 5520 1177 3761 4745 157 9909 4260 1280 7326 5433 3554 808 2608 3489 1894 3635 1585 5084 7551 5308 8401 7344 614 3865 7252 827 2959 3785 995 8572 9711 4064 4829 2754 6766 4469 9372 3252 1773 2281 2804 6147 1412 5044 6415 251 7415 7818 1923 1798 3947 4211 6589 5937 9019 8392 3763 181 1390 6641 1225 1091 1288 8482 6824 9502 7159 7685 6457 1010 4054 3069 7750 4660 4230 6169 8118 4206 2151 1101 2620 9006 2003 3389 9497 7977 8964 8096 8896 625 1974 9277 3729 8881 2196 7210 5235 7038 70 7600 8805 5089 1686 7021 3842 1471 169 9005 4210 208 1498 2145 9867 563 8891 3287 6343 3182 906 9688 1595 2062 5671 4257 2466 2417 5618 5466 6563 3009 9944 5283 5681 896 5425 4250 3228 3777 8253 8598 1352 3023 7443 8813 7141 7283 1883 908 3668 2358 846 1342 9100 3791 4375 9881 9569 24 6374 5209 4615 8637 670 6689 5653 1475 5004 6997 3046 7697 9747 3189 9442 3133 2560 3723 1527 2398 5382 3457 6109 7069 898 4971 6006 9796 9164 1708 3694 9255 3510 3528 3811 10 6482 2533 3813 4075 3972 3926 9748 7656 883 3237 7931 6349 1320 3161 2369 5037 8170 2174 427 6283 9338 9765 1723 3814 4928 8379 4848 4692 2903 4337 757 8700 3936 2498 5824 6373 4097 9613 505 300 6403 3869 3875 2171 6634 6523 2925 9843 3094 1910 2585 402 5371 7047 7442 4325 4538 2855 490 4539 7541 2850 5474 8446 8837 6839 2532 4858 5502 7501 5718 7495 1911 6697 4556 7486 9763 3131 3571 8652 2402 6698 822 347 1149 3008 4141 3736 9275 5038 7629 9976 5126 977 7802 88 9222 8934 1480 7506 536 5214 9287 4286 2677 6723 6585 831 52 2351 5356 6470 219 8440 9173 2657 7388 5878 2770 8731 483 2632 2824 8240 4851 8920 7884 1647 8463 1607 2045 707 870 9230 838 2992 789 9250 5394 5799 6744 6451 671 4365 8092 7197 8210 1699 7980 29 8910 7469 6813 4188 8442 380 4401 6379 8477 8004 9110 7989 6051 7216 9472 4590 3142 7044 3004 6397 4187 8101 2161 8892 115 3935 7356 7263 877 6162 6432 5458 4018 6266 1044 2945 5569 9058 6193 5011 1871 6036 5684 5345 1738 4254 4972 7982 7441 919 8841 8528 3461 8036 2375 2106 3187 7294 6103 4499 4842 2853 2259 3356 2642 8976 8692 8246 8073 8276 6566 6026 5807 395 9577 2974 8685 8540 1869 1458 5082 9428 3812 8566 4844 7394 50 4184 6471 62 3416 7292 4518 8593 8924 740 511 1059 8698 6253 7765 6206 9627 1975 6124 5039 8839 7464 665 2253 5746 7428 5601 8029 6350 7155 9048 9010 4299 3442 2540 9876 8311 747 3666 6665 9896 1888 6217 4308 788 4764 2459 829 2373 5258 4079 5182 8980 2482 9833 1941 6832 8322 7569 7686 5144 9880 5635 7880 7821 6955 2314 8247 3364 8147 8050 3431 8283 2673 2690 1782 7423 5790 9451 5366 1354 6763 4446 9389 1825 4200 6309 7967 3570 9830 9931 2566 3632 9795 5628 3439 7998 8808 7653 9232 3922 9208 6189 8365 4209 2660 2995 2788 961 9464 2166 6433 4655 825 6901 5925 7893 6406 5224 5619 723 1908 8505 3877 724 2849 5900 6768 7510 1137 3852 1637 2659 4775 6074 1749 9768 2346 587 8514 3794 4076 6658 5801 4448 6105 4884 4348 8502 6596 2060 6557 3016 2648 5905 7454 3246 9053 1796 1095 121 3556 7934 1994 1406 9237 404 6485 2192 503 6959 3530 9305 8848 2287 8829 518 1085 7179 6122 5047 8310 7160 835 6695 199 6171 494 7075 6446 6592 9928 8382 2290 1990 9714 5116 6861 7502 15 3167 8087 5304 8357 1127 6464 3225 2013 2601 8648 5864 8826 6999 9045 1831 8616 3894 8801 2931 5614 6790 3106 6129 4945 5910 4832 5675 965 8377 9841 1955 6880 4604 3235 9926 7289 6977 8617 3478 210 5820 5313 1258 1896 5481 6467 8753 3904 1988 1175 4847 9234 1510 5923 9320 7381 7760 4997 8853 7350 6152 4461 6978 1214 98 5376 2305 5081 9327 986 8260 7434 5348 3456 8941 2991 2251 9504 5536 9082 7240 3572 609 5211 1199 7865 9625 9884 346 5240 1376 1427 6128 2975 9432 9674 5932 3030 8665 6910 4569 5929 7841 7540 8636 146 602 8971 6778 4580 7348 8334 1859 4784 3475 7963 6742 4394 4672 4080 722 204 334 5885 5922 5839 4567 6758 3328 7296 5673 1586 9960 4838 1399 696 9558 5216 2627 7649 285 2908 4909 5508 3087 8867 3427 9016 6743 168 9162 8887 381 6022 424 6170 4853 7801 5025 6630 2154 5662 1338 7130 9300 6693 7295 3941 2562 9420 7191 8302 4854 3062 1834 2046 7446 1086 4429 6260 5855 2002 3018 9223 1689 7166 1042 3538 6045 2479 7882 6246 2729 2425 6802 9658 191 691 728 6159 361 8242 9024 8354 2240 267 6811 8472 1012 6114 2470 7154 4793 6720 7010 3737 8755 6912 9066 6393 9890 1545 250 5206 915 6815 6499 7703 1001 3465 2260 5438 5385 1938 7730 9244 3687 110 5770 1117 7961 7319 6428 2125 6962 698 8274 1649 4185 9937 3525 6275 7460 4023 5516 9582 2970 3990 9239 1802 4554 4613 8333 9700 3392 7933 3562 7137 3313 7950 9473 8509 2464 1830 4891 1590 8286 3774 1138 1804 8790 5293 1029 3216 3880 2275 4857 3600 9602 2096 9815 1229 5507 8264 8344 8051 5459 8954 819 832 2304 8602 3986 8363 7912 7084 1155 925 7587 6386 2383 913 6385 3568 5606 262 8955 6648 2589 9696 391 230 6631 3258 600 7928 8243 2994 9165 658 3423 6453 5415 879 1293 840 1960 857 7468 321 6944 7854 772 9742 7638 7885 9427 7684 3566 1357 8625 8299 2245 2226 1336 2836 3011 5285 4285 5497 9017 8658 2888 3767 9671 3963 8530 8372 4372 7581 8507 1858 1143 5975 5364 6292 9357 3081 5310 8079 1349 6860 2058 9434 5411 8074 1034 8168 5198 9225 7723 1710 6495 8661 6213 3916 9130 7318 5272 37 6770 2826 1992 7371 7547 2999 4246 2987 5556 3982 4812 769 3515 7985 848 5669 9751 5368 8420 8418 7806 8779 812 6155 182 488 9479 7764 2181 1912 7936 9716 8478 1322 3275 6635 4466 6020 4302 9295 3407 8943 7679 9593 8158 5902 4992 2706 8619 9359 4154 3755 5207 508 8006 2696 6923 595 2149 6269 9538 9659 279 998 3871 6068 9782 4724 9788 1839 9736 5617 5112 1159 1431 8424 632 3713 1567 7823 6600 2163 5613 5647 2338 9846 4101 6950 7262 123 8107 7463 5446 9769 6120 414 8836 7858 4351 771 922 9866 1588 9912 2918 9399 1952 3464 7691 8985 2816 8485 4133 7190 5252 1898 9792 1356 552 3447 8807 3059 3264 576 4533 3805 1105 599 8957 2124 2747 3846 4526 9853 5581 7559 7068 4528 7688 7368 1378 1867 261 7741 1594 7062 344 1495 9119 5432 1684 5972 8571 1876 876 6586 8735 6992 9 1433 2350 5412 5048 7783 7830 9631 3524 8017 4434 7238 1207 5024 1340 2649 5166 4072 406 597 1779 1851 3120 3483 2978 148 1675 2841 8742 1487 5414 6235 7029 2809 3332 103 1961 733 1728 7183 4817 8833 1370 6717 5210 9889 2633 5400 712 7060 1940 8241 4809 8613 697 6377 4861 21 2365 3778 6019 3685 6754 9707 2280 3019 6616 9185 9128 8904 3798 4786 5808 4267 8799 4381 1503 8956 357 7634 4487 5670 1013 6278 6207 9186 5495 9521 3874 4038 323 9410 3991 3704 4962 1828 1228 583 6200 6212 9917 2055 7111 5408 677 9684 593 7687 4060 216 1000 8788 3148 9584 5567 1003 177 7204 3766 9520 297 6887 5637 9092 6535 8872 2160 4491 3032 718 1969 5071 8747 4255 6157 4480 6509 871 2939 5779 3771 6985 5064 5844 473 6891 4872 9460 4447 727 6506 1345 5300 4305 3199 7391 9666 7740 8730 1022 2016 9513 5441 4544 8003 8979 8483 5873 6310 8410 1559 4587 5268 4636 8182 3481 8008 2378 1900 6933 8184 7820 2846 7833 3745 702 7207 2733 4750 7883 7845 9868 7409 6224 1697 6493 1005 3983 3358 4382 7165 6057 2623 4684 9029 4354 2195 9075 1103 8952 758 8913 7274 1317 6480 130 8861 8413 885 6614 8962 9829 4193 4341 4863 5232 513 2450 9396 4155 2921 6780 1272 4393 1234 2616 5758 9027 3857 6745 9201 2774 6117 2964 5173 6968 4363 2469 3497 1360 937 4773 3230 9170 7516 9121 2825 9012 6779 9134 3141 3444 5326 6468 9951 7825 2487 2509 2329 3217 1566 6096 7123 8510 6424 4377 1755 4517 4135 4102 9856 744 3826 7643 5263 8149 4183 5729 8987 5845 1635 6866 6179 8695 6018 636 7120 6413 1640 3345 7336 8061 4279 3548 3426 224 9698 3899 1112 2662 1587 331 3301 1171 5377 8932 3171 2258 4993 6539 3934 9541 1135 2949 4502 378 1962 8196 244 8704 2483 5493 9423 1504 5656 2231 811 9604 86 7879 8314 8603 8579 2399 3599 532 6329 8922 642 2827 7493 2074 9814 6948 1783 5328 2639 1209 9514 2781 3355 9286 8526 2891 6951 2717 1058 6838 1868 5042 4519 3175 1677 4757 1027 8171 2099 1391 9207 1530 4632 1362 2917 4148 1411 3203 3057 8326 8400 7707 9415 7157 2549 3051 9911 3215 6484 5330 4328 6705 8316 8109 1610 222 9701 2092 1073 7386 5703 875 2492 7095 9722 9331 8713 4280 2875 5034 4645 7993 2720 1419 6577 2352 5080 289 6769 8643 1505 7574 4642 1542 2477 1835 9849 7070 675 9405 3050 7119 1183 1274 7965 477 604 1982 9054 6447 3523 2367 3890 1726 7899 2458 1218 4690 2261 3007 8564 1264 8761 3107 5220 8338 6772 9954 4610 7496 9943 7680 751 7580 2033 7186 5261 5541 107 1379 736 948 8960 7873 4542 1060 1750 3606 5315 7878 9450 839 7726 3101 9682 5219 7310 6735 9355 6282 4452 5529 1606 3205 9921 910 562 759 2368 7913 7264 1 3516 1074 5027 4770 6993 362 1445 5734 186 6656 7019 5033 6711 6047 7861 2105 4181 3079 4920 6889 9310 7603 9729 5457 1397 837 7129 2220 2505 2894 4496 9991 8744 9837 6900 1986 558 2803 4106 4790 4373 4087 1331 9749 5571 9424 4029 682 721 2129 1004 6318 7257 5183 7644 3952 4698 8411 1316 1174 2651 956 6938 1933 9724 2934 8886 7542 9008 2022 5096 1732 8649 5953 6472 930 8047 7205 5470 7400 5856 5419 3449 9087 6961 8760 7279 9654 7769 9864 651 9543 205 9973 8436 7851 3300 9952 6636 8164 9726 5726 3296 1747 4930 3244 1507 3268 709 1449 7519 1223 9589 2208 522 3121 571 3886 125 816 663 4119 2395 3891 6274 2881 9214 9387 9046 8390 6650 4986 1862 5311 6896 4497 9224 2054 3845 1722 8281 9977 5870 8595 7929 2026 5017 4194 2090 7869 6202 5716 1646 137 4303 6818 9335 5743 9500 1581 4153 7626 7315 9104 9309 1539 4901 1486 5711 9594 8005 7416 9491 700 6530 4990 5245 3315 8206 1040 4509 8767 6110 4344 4493 5091 7004 6508 3443 7499 5249 5221 4605 8893 2844 2001 5592 1226 1096 6250 8667 5697 882 2453 3176 2521 2691 9194 232 9393 4139 8192 2513 4780 8626 8078 9171 6542 1121 3492 5530 318 6367 3323 9094 4630 9511 4292 7635 9958 4404 8565 2042 1628 3828 7524 4946 7949 6334 4766 5949 410 415 8972 9236 4540 2612 9347 3233 1740 6344 2473 2333 711 2833 7891 3404 3255 8577 4227 987 4312 8071 9781 54 1447 6116 9013 8697 4415 6653 501 2031 1189 8010 4370 9009 5496 6673 8843 4792 7059 6305 2408 6588 4931 8541 8121 7176 2079 5951 5111 3638 1116 7940 5868 2116 7275 5605 298 3242 704 7485 3179 4130 5955 2063 3138 8927 2941 3381 4634 7938 9018 9448 4115 6820 8611 905 8498 4892 9346 2424 7717 7766 1313 6569 8444 5847 2480 7361 1156 4575 1563 2590 7849 9630 9662 1409 8694 2164 2621 6623 1201 6091 1181 7946 1678 7241 7780 4887 3913 687 7085 1614 9383 4349 2328 2819 7014 4345 6610 9065 8494 5982 5600 6460 8328 9147 6561 4272 3226 9816 7665 9918 8014 4485 8529 8518 2211 7816 719 4214 743 8982 5945 1519 6456 3306 7232 370 6425 9579 3995 2014 9139 9588 8940 5882 8434 916 1815 9315 3006 3083 464 6487 1554 7588 9899 539 3490 7384 4730 5733 1141 8849 5393 8439 4740 9176 2933 897 3927 8380 4090 4389 1837 2823 143 2744 1254 9743 3787 7702 4215 6204 5163 9848 3192 2910 8031 7134 6921 1698 1372 9447 8591 4955 2522 455 165 3502 212 1250 4438 3351 7549 8386 803 809 2313 7907 1344 228 14 4991 8327 1764 8016 9382 2668 6154 7875 761 7924 5052 4732 1819 2384 7932 3195 7199 3194 4852 6659 7674 7172 4635 9600 9776 1921 4767 9168 373 592 8651 2858 3173 8173 3529 433 1977 9496 3084 9591 9332 4803 7819 5228 7380 5759 5070 1453 9933 7905 6750 4495 8345 7222 2957 2800 7170 1875 8814 6361 4708 974 9039 6430 6384 766 1346 4674 5528 8578 134 2745 9114 8237 2818 9485 1575 5655 8278 7089 9761 1210 1701 8318 9861 793 1083 807 8437 8926 676 138 5685 3130 5610 2153 5612 2142 6562 4686 295 7895 4342 6903 6859 7477 4758 336 3260 5827 8044 6255 713 8336 2851 4939 2778 1552 9938 4716 4318 7324 3269 2083 4406 4694 4815 6418 992 5971 2411 1730 3853 3368 6422 1021 6740 787 147 5185 3385 1168 9910 118 3348 1860 3679 8834 6279 7817 3513 393 5484 8295 5421 8880 3298 5188 9744 1278 1957 6345 2898 645 1310 1323 1995 565 2503 1916 2065 352 5192 534 2412 6551 1351 9822 1350 9404 5150 7462 2541 2213 6691 324 8724 9850 2224 4923 6552 8538 5000 6066 3546 2449 5222 2749 5518 2285 5431 3020 1072 6118 5926 9137 3552 7052 5349 8189 1729 9835 8754 6751 4003 5056 6031 5157 7015 9825 4710 2703 496 6664 6050 2832 8367 6064 4726 3158 4134 7970 9221 8623 9091 8211 2685 4123 2764 8352 4551 6757 9568 3137 1719 3616 9611 4275 742 2582 7787 9733 7972 7514 4609 3327 2693 6609 3772 9601 1428 5389 8067 2723 8905 9069 8454 309 304 8058 859 7064 5176 5303 1325 8679 463 519 735 7813 7917 7658 8397 9313 3334 2010 7714 8201 2962 8406 3180 9839 6500 5707 7440 5927 9260 1829 933 9023 6125 9122 8493 3424 5730 6113 3962 9586 6017 2577 3850 9619 2863 1663 7848 2885 1387 4762 867 3403 4306 9922 3925 1079 8364 7738 1068 6952 6814 1092 4668 5015 1075 4359 8981 6608 131 9238 1774 5402 6671 9544 7192 9394 703 1015 4296 6800 3420 6679 5087 7564 778 7531 9050 6015 2041 9703 8838 5819 1271 3434 3 8690 8430 3494 2394 8292 7338 8450 5012 4494 4001 3561 4908 9469 730 4314 2110 8219 312 869 8547 1953 9446 1744 1464 5780 8809 3514 4885 3218 5289 1514 4646 865 4640 7523 4109 7585 9753 1944 6776 7248 1216 5526 1392 3994 1400 8024 8496 1077 8376 4204 6773 3673 8358 6175 8935 6795 1954 3169 8797 8789 854 5473 1282 2799 467 8732 5130 3399 617 1450 3719 274
189
Test Case 7	
10000
5108 9685 7150 774 8342 2468 6939 3195 482 5616 1380 7461 8747 5132 1238 1888 686 5749 1848 1091 6195 6280 7506 337 8143 6544 7734 850 9711 7097 317 855 4057 1719 1757 6251 7877 8344 6391 8355 6158 4020 8998 103 5944 7376 2983 4085 8359 6895 6403 891 2876 6091 8561 5615 6591 7793 7222 -30 3842 5621 2826 6842 6683 6915 4729 6650 7440 528 2452 3300 3553 8444 8754 2348 8171 3173 7636 3945 287 1855 836 6310 8964 4392 4506 9853 7641 514 9679 4782 9704 6491 4148 7094 6161 5917 5977 6781 5045 4830 274 4065 8013 8950 8956 5350 4654 585 1311 7623 6730 4133 9535 3670 4328 4427 7000 4792 2149 5825 6096 3310 4223 2313 6514 5505 4032 2731 1074 5466 8023 3183 9936 5264 7664 6259 6264 6833 2136 2737 2209 8135 6653 9606 1339 3595 4653 4096 4327 4146 9631 6248 1325 6726 6593 3682 6130 1783 7624 2057 9142 920 9396 8626 5601 8556 5756 7568 8795 6540 6013 1557 255 2488 6120 6641 6838 1967 405 8241 4219 8186 227 2884 5067 7231 6266 3327 7481 9439 7240 6449 7433 6843 8141 8154 1323 3519 2081 4454 384 5780 6181 1181 2453 152 6786 5040 4151 9825 5445 9506 867 9032 7191 6428 2482 7539 3568 8332 2665 936 7848 2038 5126 5647 6196 8138 9692 6115 4938 5703 9977 2208 6857 126 1049 5870 9018 8559 8732 964 699 6022 2429 5219 4519 4876 9162 7825 1363 198 6686 5211 7906 3430 9009 3226 601 1054 1792 8301 204 1762 2290 8442 421 8184 2193 4023 6050 8144 2445 9318 7048 8486 9347 5047 1262 9329 1402 9713 4934 2926 1416 6710 6807 7165 42 7900 1731 3482 8776 4450 8617 5404 6932 2481 9569 633 9168 3732 2687 5637 338 767 2678 4421 5866 7705 8369 3104 2257 841 4871 2152 8650 2813 4964 4267 897 4579 7778 4776 712 5368 5771 8701 9922 7513 3473 2192 7604 3590 7093 3130 2571 9072 124 4351 671 5933 2153 4248 1417 7039 7055 2154 4620 1410 6594 2676 4771 9697 8916 8123 8067 4819 2096 2577 7669 3899 7172 781 5814 1962 228 9752 9883 4094 7603 3914 7635 4709 5714 5272 9074 664 6163 6083 7312 9221 3211 3257 7998 9873 754 4330 7907 2966 8059 1000 5494 1378 6367 9538 1822 4927 4177 2123 7423 6435 8469 7867 9688 8431 9632 9891 8054 1864 2580 5266 3437 1143 547 2143 3459 6355 5717 7271 3515 6282 9522 1245 5073 802 954 6949 3640 9896 9897 4866 8057 8452 162 1195 2269 6906 2520 5882 4447 7233 9197 1801 3389 2988 8587 803 9996 2620 7278 3523 2367 7983 6937 7534 2339 9249 584 1309 7784 4235 2788 282 1128 7927 2379 3902 7594 6334 1127 3835 9624 8198 1190 736 6010 1596 5889 3167 2466 2242 2954 6531 1911 8961 868 8503 8049 4840 6404 4134 1551 8520 3940 3524 8736 2063 4409 3214 3277 1620 316 7834 4733 5249 8371 4293 9838 1061 107 8775 8177 9083 1742 5951 165 9627 7063 9286 5092 9777 6700 5091 8325 4743 9270 993 9424 1812 788 1239 2437 7427 3831 8609 4377 3543 6268 6613 7732 5472 369 1646 7 1243 11 4523 5417 6549 2017 4486 4764 8259 499 9581 6001 4986 6834 8248 2981 15 7377 2074 5016 1142 5511 5960 824 8825 534 6289 791 1345 6706 1440 6548 8226 7347 2608 7015 2560 1302 2626 90 9832 4772 9405 6699 8079 4429 5800 7875 3584 4135 6497 3093 2503 7486 4594 2864 7885 2189 9975 4844 7602 9787 6658 8229 7812 378 8624 6588 990 530 4694 6424 7660 2870 1301 9871 5524 6292 6224 293 7331 4870 1904 4433 7649 122 5146 9024 4783 2241 7585 6592 2345 5774 6773 1352 3390 7495 2053 6406 2990 9029 4779 4777 266 6916 665 8809 5136 5447 261 8993 7870 1541 2946 7861 5613 701 2610 8513 2323 1044 7752 8477 843 7399 4383 430 9099 597 9030 1101 341 2538 9055 8084 7221 4630 6783 2866 396 8567 8507 3199 783 4559 6429 7858 8095 728 8306 2896 6662 2578 175 5161 753 1338 3151 3910 2376 473 713 1743 2989 8040 2635 2721 3615 2212 7178 9190 1534 91 4393 7290 5798 5661 752 893 2200 3166 6 5095 8581 4360 253 8526 7720 7029 2181 8265 8553 8219 5630 9541 9057 7040 6933 5539 510 5758 9776 3399 9539 7162 1018 2754 8122 5631 5961 4529 6660 3790 8779 1507 6202 5815 6920 8139 8654 7067 5177 9755 1286 5112 2796 3817 7667 9224 5648 798 7544 6143 4361 3964 3698 3507 829 8228 7138 7320 8151 1806 6553 5519 3930 3532 9951 7901 4502 267 2901 1433 7471 1058 118 2683 9607 1946 7466 1936 2624 6142 9518 4509 4737 6724 7533 476 2420 9639 5300 3733 6055 3491 9677 8012 3559 2548 5110 361 3720 3150 48 4084 7477 4283 9723 9080 4410 2374 2714 874 9956 1073 5377 -1 3382 590 1399 5604 962 7947 1289 5342 2195 1349 6031 5520 902 8841 3707 996 3870 8878 5056 2109 1472 8411 3051 6457 8846 8432 2441 8532 519 3345 7971 3872 5826 196 9357 4994 9053 2957 4181 7847 7085 2478 3859 3217 2025 8467 4651 6179 914 771 759 8224 7863 7101 792 12 2510 2268 3069 2834 5880 6331 8108 4770 1567 9655 8792 1277 3062 3393 7136 9174 2851 3780 9225 6756 8455 1405 290 3202 6657 9926 804 947 5770 6921 8459 8230 -43 4571 8035 773 3049 294 9340 7774 7153 4394 4178 9876 5033 1752 1800 5357 732 1632 3108 2873 2878 6383 3960 4789 3235 7084 1129 2517 3729 969 6598 8142 5029 9513 1003 6329 1578 2909 7137 8577 7158 7070 86 8563 2175 3751 5318 8868 4663 9880 6868 1815 7588 9500 8731 7768 942 1753 7258 5745 6162 8578 6308 2664 9864 8484 3047 8753 820 3716 1275 9719 7542 5712 1317 9561 7455 427 1 7934 6339 1376 5810 438 9898 4341 8506 2568 38 9965 1404 3925 4852 8752 1114 8014 4732 7352 4012 8749 1293 9861 4848 5547 2639 7507 7905 1039 487 475 2359 9857 8985 8757 1711 2413 6422 5510 5287 2694 796 3409 8066 6296 2076 461 -50 9040 8285 6335 8980 3142 6420 6205 8605 4195 7058 8428 4411 8370 4194 1060 46 7706 9131 4496 5754 2010 2139 4716 9284 8096 8738 2740 4602 3579 6954 8895 6867 1342 1644 9767 3838 5311 2999 9262 2232 6113 5007 463 5234 325 6481 1891 1392 6489 2054 8936 1697 1949 4900 7929 382 6131 3627 6190 889 4943 1211 3152 9840 9222 9728 6608 5883 447 8033 4952 9303 6156 4610 3322 8684 3661 953 602 4551 8870 2668 3000 2351 6651 78 997 4595 7841 8611 8246 6323 2299 4615 171 9730 4262 332 9081 506 9846 5921 7619 9238 9323 3194 6521 745 2967 8396 5545 6078 6052 411 5060 6517 3059 4726 9344 5308 4641 7954 4179 5902 9727 1733 4144 8638 3571 3792 206 8323 6247 1687 7126 3204 8192 4187 7516 5789 4674 8529 7751 1343 2292 1455 8572 8889 2485 8768 3908 8005 1922 7692 2718 5543 3580 6519 1030 5469 3852 8281 4677 3743 8214 4243 1945 465 2432 750 1237 8082 3296 4218 1295 1337 6878 4699 2310 9793 7498 8416 9215 7166 2155 4618 7932 1714 2399 3055 9552 2902 7687 4062 8295 9877 1761 9782 9796 4976 8298 8074 3355 5034 6379 2814 2067 4312 5931 2135 423 2643 3648 4356 1514 1645 5869 7944 9648 989 4689 453 2322 8630 866 4890 6791 9923 3984 6434 5105 6970 7465 2531 7977 740 9984 539 9486 2102 2930 4107 8349 1570 6811 8669 2736 7080 167 1853 7783 1160 9860 8596 8435 2298 9835 8252 7713 4784 5164 9301 6098 7946 2611 5135 6137 657 5140 1427 8648 2583 3756 6810 2986 6249 3475 1867 6136 3550 5459 6995 6930 2755 6238 9638 3332 3466 25 7788 3006 5911 1640 9003 8830 3286 8016 3901 9619 7402 2443 2574 5958 8346 5886 6586 3736 6437 4799 4055 4466 8838 3725 5903 9789 6972 2291 6416 5063 5381 4237 7714 8491 8931 1365 4863 3635 1679 8703 5893 3804 2747 9410 5829 1556 4877 9369 1709 8278 1435 3588 787 8814 1623 3567 3200 3065 7392 2575 9800 3844 8729 3977 3809 5910 6171 9234 1093 3018 4810 2401 250 1921 7492 5452 7396 7011 6216 225 8759 1340 3929 2349 7938 3680 5782 280 4992 1737 477 3573 6293 8504 1367 5577 8953 456 987 7914 3101 9658 5268 3169 1310 6210 1893 4837 1916 5638 7266 479 8803 8009 5259 5658 1829 844 4603 3233 3372 1056 2326 212 7656 7273 5281 4419 3164 4158 5611 938 8890 5015 5687 6486 1826 8434 -5 9950 3934 8833 5352 1486 9912 3970 9905 1989 7105 8220 1373 4482 5914 5207 4031 5557 5525 6589 8462 1660 3060 7041 6910 865 8343 6226 845 1201 1529 6740 5515 5052 6850 922 8854 4583 53 3347 4702 4224 2703 2567 1359 8203 1980 1229 9169 9150 6689 623 4017 7880 797 3755 3146 4800 9279 5734 8707 823 7246 4184 9038 8175 276 2724 6561 7959 7395 7989 1649 1548 164 2211 1770 8991 4839 6929 4009 2792 4083 9642 7838 8661 2405 666 6242 1244 339 3998 408 4407 2361 5593 1769 5388 6539 9895 4199 5210 3926 4690 3556 4558 -2 1871 8090 5130 3731 4797 7413 9918 9826 3710 8400 5980 7120 3855 7814 4724 7184 5806 8150 8921 6040 9750 6060 27 3337 9708 7503 6981 3777 715 7360 5860 5172 7308 6896 4375 1045 2913 4186 5527 7678 8976 1957 4633 3497 4164 4120 9285 6298 8793 2174 9321 9811 1602 5307 7731 4342 4290 9893 7421 5820 7090 9236 5232 3990 8839 218 8146 5094 7142 8187 1031 3005 2270 58 8354 3416 6537 2231 1397 3981 5068 2439 6809 5759 2949 9758 1377 3156 7370 9198 9079 6427 6048 1155 288 1590 9151 9218 306 1689 3278 6467 2801 5989 8646 6570 517 9043 974 4108 7703 1288 6340 6072 587 7511 1881 2115 9772 5723 2939 2267 7177 8176 -10 7140 4201 3305 1821 1298 1633 2970 2616 5501 5532 6602 1080 9205 3813 2688 3869 8892 9113 1063 6667 8202 410 2100 9373 2377 1659 650 420 1396 1647 7856 6532 7587 7799 70 9433 9016 3074 2245 3577 6969 2043 8883 2843 5428 8999 3272 3256 6596 6426 4999 8885 2839 5537 1270 2471 6527 1292 9100 8949 8538 -20 5701 2251 2474 7196 3575 5087 2845 9523 1627 6065 8502 1648 4749 706 6697 4220 8653 5049 2287 1411 8849 1272 5461 5223 6754 5694 8730 2709 4807 7207 5438 6103 7671 8412 4695 6712 3907 4700 4286 5819 3526 8501 2800 5986 7991 9932 8255 9311 5072 1109 6490 4416 6770 4457 1975 3943 9710 1626 4683 6338 3631 3884 3561 5004 4936 5173 9716 6601 6217 277 3586 6218 1802 4787 4015 6555 9408 159 4517 8686 7202 4131 375 2588 5410 2205 7383 8694 1428 6306 2252 5572 4790 2286 3126 7160 4498 807 3834 5816 9850 7913 4974 1241 1055 5081 5419 9490 7748 223 483 8399 4420 6006 4988 3846 3307 2058 2919 8104 1332 981 6757 5054 7865 5574 8664 8836 9307 9809 6255 1914 941 6898 2778 884 1136 9533 3244 2215 6688 7920 4592 365 6817 9715 3782 562 6361 84 101 760 9526 7409 8911 5950 1977 5484 9575 2235 9243 5676 6234 9680 2347 108 1943 7697 1994 984 5119 1102 6381 2493 6133 5230 1767 2798 7908 5824 6666 5999 6336 401 7061 533 5541 6057 2892 9907 3738 6877 3971 939 8625 5881 8378 5113 9114 8706 5660 6213 4101 9464 3178 6297 6046 1978 2177 2114 7031 8884 6421 5313 6314 6465 7707 1004 8514 8917 5533 20 1447 7744 8231 1265 3662 5099 4845 7541 5449 8489 7467 4156 5718 2404 3114 2817 1838 5823 2044 5074 3722 1674 6739 9122 9253 229 1777 2386 6023 3421 362 6201 1029 5183 8398 6610 5144 7755 7407 9530 1670 3578 1785 5027 462 2431 2667 6546 3030 826 471 7928 3919 6393 9476 3617 5420 5143 9943 2730 5400 3145 6892 1011 6568 1849 8621 3017 8345 8840 8162 2144 6043 2027 6138 2199 9972 1473 9455 661 4908 1928 8789 6873 8568 6607 4713 4323 9145 356 5209 1973 6858 2272 7719 5976 6574 1953 6223 5163 7773 8657 1480 7686 6193 3330 751 3484 9953 2333 1360 580 8244 2095 9540 2373 6523 5190 5859 9574 9829 8521 4915 1335 6303 1419 6926 4227 869 2002 8554 9998 6015 4735 4388 2621 3537 1420 4536 8799 9598 5776 3696 4515 9007 9452 2965 2799 1154 5706 8528 3843 7593 1690 9734 7024 9536 2662 9774 2028 7510 8147 1303 2206 500 4550 5465 1218 8353 3103 5133 1595 2743 1197 8680 5150 1866 560 653 8902 7740 7201 8882 5805 9978 5103 2947 3962 8723 592 569 460 5812 8965 7424 8397 5796 352 1375 5021 6204 8928 9362 4000 28 4741 8498 9761 3374 7598 1450 4542 3387 3520 7087 9324 7321 5564 9587 8041 372 1776 6917 4785 1758 6679 3896 2030 9128 6090 6979 7563 8264 5075 1279 5777 5506 4102 3490 9942 2761 1009 4835 4982 7309 2712 780 1016 7397 1976 2675 3131 7353 816 2350 8535 6466 7438 8223 2972 5744 3117 8280 7003 9567 8897 1765 6935 1854 8543 6905 9571 2249 9944 9070 606 6044 8284 6889 4812 4804 7601 6450 7073 9037 6853 6368 1735 6765 5576 905 6961 817 9709 354 7117 6925 4005 7437 5811 2194 1156 9899 2623 4333 5340 4710 9033 1348 5573 4284 9443 6967 8292 6067 5083 9848 7824 7017 1002 7214 2523 1454 612 2868 9771 3318 6659 9413 1182 7286 1597 6141 2977 5431 4979 3188 1469 5669 8866 6222 4368 7244 4308 6398 1484 7004 9023 2019 74 5089 3877 2859 4858 1598 7054 2606 3609 895 4371 7736 1841 9191 4176 121 5919 1448 6101 7535 4165 1879 4073 3794 2306 924 3011 5305 3803 8237 7095 3644 1347 2745 7132 1530 5156 6318 4970 355 5476 9524 7012 271 7227 3619 3513 7010 1152 6902 644 837 4373 8785 6575 8900 5934 6211 -41 1328 2446 7629 6319 7239 4923 3053 5480 5036 4022 3121 2327 231 7888 3109 3605 4202 1549 6652 6192 6454 4348 5618 7234 9269 2216 -12 7075 147 5151 2262 9381 2253 8992 3742 2390 3816 7100 5104 3487 2363 1230 4408 6991 402 7909 8268 8140 4011 117 419 7589 3983 2766 5070 983 6276 3897 9872 1125 4355 6944 7285 2812 1458 4278 572 6409 6330 3923 4192 3262 5632 6845 7036 6638 4418 7181 2458 7567 3873 7733 7962 7767 2889 9990 3880 5761 9118 800 7712 7416 8161 9706 9385 4250 6281 5228 7343 5556 1014 5562 3763 8865 9784 8853 9448 370 3770 4684 6342 5877 1661 4104 436 2316 336 4395 7798 3400 1307 5273 437 647 5175 9031 7291 4211 5765 2204 9821 6220 1609 6769 3023 6094 6620 2088 2944 5256 9481 4452 9416 6151 249 9379 8828 9462 2062 4314 4646 6887 3287 6633 125 7661 6552 2599 799 8947 2841 1519 3198 1407 9141 2146 2706 5614 3358 8406 4003 4422 8576 4569 3085 1425 2060 5193 2355 5077 7249 4462 3629 1729 6764 6707 2392 8844 8208 2487 6418 7490 6844 3900 3157 1209 3509 4860 5822 2198 7317 9570 7035 7776 8988 6582 7757 4036 185 1933 9738 6771 3895 4458 9802 4730 2549 3830 5260 552 6779 8881 6254 4642 4953 839 7716 8842 793 603 5873 6240 2382 4079 5937 9553 412 2716 5998 2882 1624 9209 3243 2486 426 5892 5371 4240 3512 3064 1983 1081 1671 4497 6477 4656 1571 3472 8194 6278 7315 1868 3094 5290 7336 3961 2000 8478 8250 7034 4832 4141 8436 6399 8942 582 5185 3508 7342 756 7659 2237 5078 4113 4803 578 5707 7879 1232 5791 8718 2464 9201 5434 3153 497 3927 3694 2480 3562 7083 2526 8539 7082 205 9115 6512 2917 4929 5251 991 4297 6648 1918 7663 1188 7405 6900 9467 3147 1950 4584 3800 6956 6636 2686 8861 4390 9593 3022 5702 1952 520 5887 6243 7658 8924 1618 6008 1252 6359 2760 8088 3457 1189 8037 1257 312 8121 9468 77 4648 7512 5768 9047 8614 19 1861 2932 446 3081 1725 5181 4753 4117 6419 2083 1664 5817 8047 992 4370 726 1070 3255 158 8313 8623 9934 9393 7478 8726 2191 5088 8894 6186 8474 8380 331 3219 4275 8273 5509 9804 9741 9232 3404 5 3477 2145 1389 8050 7134 4884 7984 3260 4114 4928 2223 2893 2908 1233 3611 4762 1072 5443 4875 8414 6215 9418 7610 7564 6153 5851 5435 4076 318 5802 8356 3377 9015 7009 2961 1379 9126 5231 5297 1512 3506 7582 2456 5923 8923 1503 1446 9399 9557 9859 9908 6893 6818 7482 4225 9063 39 986 9140 3787 8783 1722 8607 4817 7289 6360 6635 945 5735 3778 1294 136 29 8564 2407 2634 1368 6106 5518 2005 4481 3758 2260 8418 6446 1191 1523 3486 4774 8308 3075 7606 6159 629 2636 8536 6680 6417 8541 5376 9096 7645 3445 6891 1870 7955 9754 8649 2089 1566 14 3405 1481 3308 9712 4336 711 8385 1020 1756 2781 454 7683 7335 4021 4676 8270 2188 2173 9147 8068 4912 9747 2774 2680 1574 2213 3690 2161 8072 187 1540 4436 9454 3379 4053 7815 9272 3495 1364 9577 1723 3663 1605 5344 3600 4404 2383 3265 815 8021 6993 7425 5486 3354 5107 5642 9306 7895 6117 114 9382 8290 2475 6246 2698 1159 5322 3072 7340 -13 3079 2894 3996 3450 7059 555 8560 4507 1751 3642 1333 3485 6021 9339 3212 3315 3939 5102 4836 6560 7560 1954 4864 4285 3500 6821 4217 4560 2138 3641 2297 3681 1501 9502 286 8874 545 2273 9026 4170 5359 49 6014 595 3384 7304 2388 6625 2804 3531 6782 6400 6989 8702 3554 4854 6033 8583 4526 9875 8552 2927 5677 3893 9584 6577 2771 1199 7268 4270 2566 4412 8798 7357 3892 6787 8211 7700 6945 5874 1223 3691 5752 5384 709 400 7194 4402 4894 6300 5051 4910 2225 5650 433 2221 1467 9946 3958 6908 4893 4574 9865 2758 9039 9760 743 7329 8787 6511 7780 2674 1466 3673 8238 6775 8456 2457 9678 2128 4975 1010 3799 9629 7111 85 -49 8681 1615 3664 3623 3933 9585 5478 9847 4739 3530 7724 3218 7435 2603 1464 3565 1319 8913 6727 3 1024 1817 71 6019 4956 3564 307 1111 1491 6025 320 2861 5964 4587 672 1693 2064 9265 8235 7958 2823 2576 4971 4833 966 8031 9374 3274 9961 5969 3759 2850 5849 3841 4281 3614 1297 8307 4540 7479 5179 3040 8784 1655 493 9870 2470 9798 5408 8263 1717 169 1158 6826 3009 6784 2998 4562 3394 9052 2330 8267 1781 4453 5396 5682 8470 3534 9604 9295 9611 2829 1153 2280 6111 1042 8205 5474 6110 8770 7552 -37 3467 8483 748 616 6605 2050 3647 442 9436 1212 7361 7644 2016 8330 957 763 371 5343 1736 5129 7672 4781 5500 6744 6425 6737 700 7159 4791 3275 9014 4301 6119 -11 1123 7441 5059 5966 1248 7282 5329 88 2004 4296 2071 7710 5471 1808 8715 5535 2661 8043 4352 5558 5899 3589 6530 9696 6350 2048 4920 2148 3628 6302 1263 5858 2585 9662 596 982 6362 909 1874 4495 4001 9395 5603 296 1482 1071 4038 -46 3113 737 6452 8665 8457 363 7633 8547 3418 1463 6723 6035 9930 9412 3297 1614 4230 7917 9348 5284 9 7862 3279 4198 1805 6501 3432 -14 233 2564 2424 4316 1810 6678 3963 2422 1166 3028 3750 4527 6049 2389 9843 6529 197 4339 3359 5055 7760 5395 9465 7923 8048 6414 2444 2308 9116 4440 2098 881 2086 441 9582 625 5214 3320 8914 2281 1276 -32 1562 8977 7675 4645 1269 1267 8827 2707 1568 663 4059 7974 8160 7443 9241 9442 3032 2776 7456 9795 6299 8365 3406 2411 4277 9180 2553 5640 2110 5139 5423 554 4958 8774 9470 1926 3341 9791 7973 6624 4132 1622 4265 5314 3917 4287 5797 4717 6718 6108 9112 7557 2886 6244 3356 7488 5695 4751 1942 2941 5787 5253 8926 7982 8516 8070 8299 1415 8201 3254 492 2365 7210 22 8243 777 9450 8168 5748 5301 8834 2167 494 1299 8312 1193 6068 3012 1386 1607 4387 5785 9879 3969 8713 4137 1224 4613 5432 2749 221 6002 4249 3048 2403 180 2846 809 6682 937 1462 4417 8786 7283 3863 9628 3618 6174 2023 7274 2156 9673 9359 9653 1461 5283 3801 4087 2729 6357 1683 9477 1589 3909 8700 9438 8063 1774 2341 8105 2278 2461 2874 3061 8026 8739 2141 8304 6705 1220 2711 2203 8806 5612 7999 9516 9421 7163 2229 4981 1900 2666 4951 2940 3994 3779 615 9580 1221 1935 7491 5403 2879 374 1242 7297 9172 8367 4304 9036 2849 7448 1026 2412 5373 8180 2265 4 8652 5402 9610 9858 4276 5663 2035 7260 8742 4621 9517 4112 1453 6831 8898 4795 2570 4007 6438 3250 5018 4703 2469 7782 7209 24 8957 1825 1372 7220 5006 1268 3865 9803 660 5913 2187 1041 5997 2625 3686 7281 1006 911 8360 4494 8601 3129 2275 5426 4745 6733 9814 161 8065 9064 64 758 4670 3904 9109 6630 9370 8544 6443 4591 863 435 5298 4572 1639 7306 8819 3771 304 7062 7468 3849 393 7579 1403 7043 9820 9938 7609 8218 3709 2559 1381 4561 2699 621 5879 9889 7113 6547 5751 4033 558 2717 7327 1898 5229 4263 329 6000 1271 980 735 8271 4955 4066 2133 2428 4426 6692 3386 3447 2263 8720 4503 9911 4995 1872 4067 7796 9578 9647 2719 6461 7243 2073 2032 5875 8835 1654 342 9718 4309 6674 4406 6165 6369 6009 8641 9252 2502 6444 6155 3888 6685 8351 5252 6253 220 5369 2916 7573 448 1259 5184 9817 7265 5747 7298 6758 3997 395 3727 8010 55 1582 4698 3721 8597 3968 9595 4576 681 3613 3701 6257 6551 8709 6792 5602 4802 9349 5906 1580 4822 2219 5927 4826 7007 8099 5158 9065 3749 5940 525 7203 9963 5398 9111 955 6237 3408 2997 9671 5497 2697 5898 3159 5741 1175 6123 1112 3077 8311 7822 9194 7110 3375 2087 5116 7743 641 4499 7987 8240 813 6785 7574 5843 6526 7849 6847 3658 1583 4259 6412 7156 4047 7096 43 9514 1728 5098 7107 2246 2905 3494 9568 6760 8314 2425 9994 7520 7390 3837 8027 4078 5962 8618 4329 4279 870 9431 4957 9983 7183 9579 9780 3019 8272 3478 8584 7369 5362 8130 4573 903 9440 5721 4881 9175 1180 66 6102 1939 4685 5257 4318 2142 5804 6963 7758 1204 5569 9650 3041 9527 7337 2465 480 8693 5729 6499 1057 7704 8610 8225 3601 770 1886 5945 608 6503 4233 3511 9722 1274 2783 9686 9428 183 3462 4588 3451 1468 4485 2651 3956 4490 6439 5191 1809 2581 8537 6774 8361 7643 8044 2822 9211 8767 9423 3776 5106 9749 6611 4718 2959 5664 1431 1351 4954 6567 7873 5079 3820 5071 2224 2507 7769 1603 8891 2547 7832 2584 2321 9674 654 3700 1741 7549 7226 1971 849 2356 444 6980 8505 7373 5544 7850 9266 428 2789 9560 1992 6793 6227 9554 9993 182 2078 4246 2597 1437 8698 5941 7052 313 568 9707 9276 5981 6271 8242 5057 26 1008 1086 40 1305 5946 8901 7400 7550 6460 1306 2748 8523 202 6494 3439 5952 2490 3273 4688 9608 188 4808 4757 4492 1035 5592 8209 9005 9148 9051 2658 8960 9256 3665 7157 2034 9193 9153 6839 3161 9778 5985 978 4538 244 7871 7919 6851 7964 8683 4434 2296 8145 1913 3802 7915 8375 5215 1408 8773 2168 2641 4006 5662 2768 3723 9170 3054 5922 4166 4682 7921 5309 3471 6351 8430 9214 7854 3885 5674 67 9733 1264 5332 1082 7857 1787 9675 315 5938 9130 7621 3396 3021 2669 240 5351 9916 5894 564 5147 7990 8687 6869 1515 4664 321 5779 6127 9676 2276 1600 515 8745 7779 3797 8310 9531 5026 6290 7820 4696 9521 4264 5711 8410 5265 675 6564 4150 9834 1278 7810 8919 5516 9460 958 5000 970 3135 2210 4541 3941 9919 4145 6413 5496 389 4720 8848 4334 6983 6897 5296 8940 5588 6696 5778 2681 2518 5481 2427 6802 1842 5580 7577 7032 1706 3967 7487 9612 2922 511 6637 9714 2592 6815 7523 3380 7236 2806 4666 3224 3223 1334 4432 4942 3504 6691 99 8408 7543 2979 1604 4210 9980 3411 7826 4100 2447 9261 3316 3066 2140 9813 6112 8542 7072 5464 1682 7458 9534 7615 3174 765 9484 3660 -25 6092 6084 7270 3392 2725 4378 3207 2962 2906 9766 2663 3295 3427 6542 3921 3666 6943 579 2810 5306 8362 4040 5512 9818 4511 2196 1067 9660 2201 7176 5656 2690 1617 4445 7631 8963 4093 8262 4086 1876 1865 4604 8941 3070 2311 959 4705 2899 4337 9154 5984 1658 7128 7199 6747 9223 9250 691 5490 8945 9230 8555 3632 561 8691 7690 8318 6681 9351 5189 6124 9022 7517 4639 8293 3850 8466 8025 9974 5123 1819 8073 3365 9060 2976 6396 7218 9388 8488 6423 4825 6924 1231 1895 1573 3845 3134 8695 2122 455 300 6038 8585 8719 9235 8196 3091 593 620 904 9327 1703 8824 4758 347 6118 9422 8545 5716 176 489 4232 5217 618 6581 9952 640 4424 7639 9328 5339 8077 857 1062 4965 1196 2647 6708 8206 4391 7627 3906 2042 4155 2436 5430 8764 2790 2284 7684 8748 2524 2907 8685 214 8673 5213 4909 3959 9338 6840 3898 5271 8847 1934 7420 3479 7175 5412 5531 3082 607 6661 1291 3325 6987 8938 7341 7554 7956 1043 2622 9601 4149 6828 3191 4197 2715 2824 1656 3854 2791 9069 254 7256 3238 5470 8573 2594 4847 5363 906 5586 4363 3014 7745 1739 5671 5553 2254 5349 2591 8333 5254 8327 6702 3867 1498 4340 4260 8850 3087 9390 7348 9364 5386 104 2756 7300 5353 6776 -44 4257 5995 6614 216 -28 7853 6349 6646 8319 4205 8394 9763 6854 4122 4828 3862 4189 2459 6819 6841 5957 5263 7772 502 2825 1069 3249 3333 1824 6634 5076 9903 3539 4269 2904 1255 8032 822 9973 1065 8340 2473 409 7147 6364 4742 2513 7065 5261 4367 6656 5850 886 1997 9661 390 8008 8468 5391 3979 3063 2233 1692 4382 8527 7526 5896 7647 3350 9967 8092 7809 4547 5166 7996 6093 2782 1117 2398 2739 5202 8388 9625 3306 2779 1361 594 2107 3620 2685 8114 3636 1830 5818 2655 8103 2565 226 574 8169 5975 7674 8843 2590 3784 9565 4687 112 1747 8125 5010 9411 5020 3080 5030 9292 2534 7049 9682 5148 8633 630 1544 2159 9783 1025 3972 4657 5666 1522 2511 472 8115 6358 8357 7013 8925 3067 4008 7410 170 5513 1912 3148 1500 1395 2660 3208 7189 2742 8018 894 6899 9314 7949 3540 1526 2912 4731 5639 7223 9664 9488 4947 6322 6373 5437 7141 4463 4344 5294 6176 8989 3999 4596 8441 4321 5635 115 6665 9878 1423 6239 744 238 7389 6270 8045 9792 5011 637 8075 310 8157 5844 5867 8549 8352 9123 9239 9856 3139 7808 6909 9769 7592 7307 786 927 1505 4045 7634 4074 1840 1561 1803 5813 262 3616 2496 549 3057 5084 8093 3599 4554 219 5568 5277 4010 6880 5665 1772 5636 8580 8116 3993 6506 491 4159 3947 3488 622 2197 4346 5884 7891 8750 6675 2708 1663 7625 7637 9620 6849 4678 224 2652 9085 8003 8970 5606 3190 1234 3622 5065 2763 5216 4196 3952 3672 4028 7422 9062 5848 377 6089 2726 7103 1038 9229 1662 3480 4761 5221 7302 2293 7694 4692 5258 6408 3280 1240 4469 5227 1755 8678 6922 2101 6304 4686 4215 9434 4435 3335 2085 8052 5157 8193 6394 9644 1354 5348 7936 6942 3205 3456 8133 265 4354 4446 2593 6145 9375 2933 3866 1001 4747 4865 6732 2705 3650 6402 5125 785 6516 975 550 5041 6372 160 1982 6487 8797 9900 8207 246 9616 1969 9928 5991 8804 9058 8422 7597 2744 6410 8276 8845 9558 2818 1713 4566 7198 3119 5086 766 2448 7014 7763 281 1226 1818 9933 9054 5440 1357 8390 9866 4039 1090 186 5528 6069 37 4203 3560 9992 3319 6129 5841 5137 9962 4798 5560 5584 3058 5392 2903 6974 2929 1149 9698 8534 9931 1863 6670 1308 4725 2942 1216 3086 1676 443 921 8163 6557 3294 1165 -29 8595 5002 2501 6469 1970 7280 9319 4614 8460 9242 2935 4658 9210 7211 3245 5947 5555 5793 5194 127 5878 3651 4671 4313 414 7186 2127 1688 3132 60 1651 7124 883 2645 5489 2777 3089 1222 2528 7225 3655 581 4473 1923 7493 3546 9515 2723 8565 6860 7580 827 5757 3388 4050 8300 3692 2640 1285 8458 1613 1504 3120 1621 6212 2808 6569 7816 1089 1391 9291 8604 9621 7722 4788 6856 6483 5673 9459 5699 80 6064 3767 6258 7161 2693 4229 2993 1985 1327 6232 9590 995 6861 4553 1814 6075 7831 3808 9740 1940 3228 7882 9894 6188 4549 692 3251 6823 1092 241 1282 2288 9693 3368 3313 1424 3144 4534 50 4212 7204 6863 9519 7821 7293 8660 9274 9088 8909 2964 1438 7813 810 30 5581 8309 6177 1046 2342 8777 3192 3010 3403 5605 6599 5579 2202 1075 5422 1938 8711 7677 9979 5222 6800 7618 2601 806 8808 8347 4448 7797 8935 8062 9317 7630 394 5725 4962 2537 8679 5536 6088 9227 6777 8662 8622 9885 6488 8439 6536 8256 4820 2433 6951 6026 9640 1608 2337 130 3685 9471 3533 1961 1076 168 5374 9687 8129 3044 5354 9089 6095 484 4254 4044 9313 7765 6337 82 6071 4207 5956 6876 3683 7711 8091 1732 2059 1225 4811 97 8336 9867 301 6164 3127 232 9924 2914 8329 2234 1843 128 3765 3974 4748 5224 1990 3357 6704 3814 1052 8119 5285 9823 8251 642 2509 9021 7388 5720 3171 9927 3232 7628 9103 1100 4326 3973 7795 5727 3684 1047 7653 3013 7993 133 1151 335 721 3688 344 6822 7835 2695 9158 6475 4234 4868 8644 3179 5013 8758 5323 7359 3891 5709 5920 1330 8112 5623 6642 5460 1383 5890 5872 2809 8912 5321 9594 3785 6178 7699 416 8762 4048 5861 9493 2672 7586 6168 2943 242 4253 9947 458 2648 4941 1032 5039 7365 7884 3920 3455 3292 3138 7444 1749 1744 1917 4379 4092 7452 4907 2572 8028 7648 8007 7622 1565 2018 679 3667 9902 7874 7525 9333 4299 5909 5061 4025 1037 8979 1587 2937 2150 7028 1700 9869 8305 9545 9177 2207 9855 7696 739 2380 8871 6053 154 6081 8413 5942 1487 1629 8740 2971 1575 9290 1869 1430 4130 6645 5700 7235 7583 7682 6105 4139 7518 406 1998 3371 7066 8451 6825 8746 5028 943 7099 8816 6617 9842 6504 468 1585 912 4903 5597 4925 1563 3360 6263 2166 7238 5276 7666 8558 8766 7020 1176 2881 4501 6462 4867 8962 9059 4629 1398 7205 835 5733 5943 1543 7845 9588 9206 1695 662 9305 4557 6703 4691 9182 8245 9144 5719 4697 3987 9076 1837 3587 9765 7967 270 6440 8743 5241 3088 1258 1508 3675 178 4585 3125 8382 -17 8557 9184 -7 9555 7566 627 3476 3225 9050 4322 3594 1738 8975 5473 392 5508 6082 8668 6003 5117 1488 1823 1312 9732 1013 2529 8053 1828 5967 8260 8946 5131 359 5710 1015 6720 1965 4963 3944 6170 9614 7823 7071 2346 6146 257 5846 532 6538 4261 6332 9254 6365 7626 6343 5022 7102 2837 3761 4609 8811 2315 4581 9008 853 9456 4072 9762 2600 1021 8164 1944 1799 9969 856 1712 1513 6076 1324 3602 8039 3726 6958 194 896 4222 5226 542 1141 9807 505 8335 1479 8837 9668 5904 5928 5208 4634 872 3516 4765 4026 1104 4652 7759 4376 6881 3699 7475 2264 4660 4018 6097 3857 5667 5037 1986 7805 3630 1831 9968 7791 3713 6382 2875 9564 4163 2370 7277 4441 3422 7741 2887 9332 2274 4922 5575 3168 7215 1560 5206 9363 5905 3076 2024 2151 1497 8217 1214 9487 72 6122 5236 7930 8546 3786 9248 7381 1017 1547 9213 9403 4307 6743 9566 7355 5182 3551 3237 6229 4483 4282 1720 2285 7299 1653 3643 6149 8069 3861 7042 3678 926 5303 7485 8619 4069 5767 3547 5821 8087 1844 8823 6753 7613 1022 6496 5692 343 6109 1115 4638 3136 8257 8200 6627 876 -47 5715 -42 7394 7777 2891 1987 8851 6766 998 5728 4173 2170 3068 3263 7148 4734 333 2985 3878 96 100 2449 6317 9745 3231 9667 7746 3542 1177 8717 871 7301 399 6789 9164 9839 2451 6479 8562 5336 7911 8425 7224 9764 6677 4889 4306 643 3753 1465 2656 1979 7787 8910 9770 8247 5280 4168 6928 9497 538 156 5617 7638 2797 350 4721 7145 6073 9550 9881 2713 5529 9165 2454 3596 258 7515 172 7122 4980 749 1724 8995 4744 7216 2794 2720 1219 2934 2543 1106 2279 418 9591 109 5726 7325 4142 7600 8179 8855 1827 2802 295 8100 6166 3464 5990 2227 291 1499 6132 5668 7074 9136 6621 4973 5698 8328 9011 5738 7951 6228 2984 8872 4879 716 8812 4565 6934 4531 8002 2417 2554 7528 5542 7680 2343 2484 6062 1641 3441 4488 5372 7033 3160 723 4357 8518 6788 8449 4385 5330 2186 7571 5680 9299 6904 9736 5786 9231 3112 7263 7842 3020 7665 6846 2569 3483 1064 7963 7127 8722 2178 8011 9119 6183 7133 6794 848 8287 2421 8 1642 3788 3340 4372 733 8167 1705 9017 5288 6525 5366 1797 3717 1146 1483 278 5809 7728 2430 9247 8464 7897 8107 1131 5454 1113 9546 9915 6086 6612 5645 3349 144 9372 5200 5341 2963 1789 273 1807 4611 9293 2104 7469 8761 4099 3323 6313 9837 4091 6803 5852 349 3328 5455 7569 6283 1412 6320 722 9453 4438 8631 9407 9494 3025 4961 4766 2659 4081 4983 5522 6975 7023 5775 3496 7387 3734 3003 9426 6827 6912 2617 1470 2250 9207 8210 8423 1452 761 8024 3714 7537 353 1539 9997 2540 9107 2506 6279 9691 7902 3521 589 1884 9048 934 7366 4622 4415 466 3289 2214 8735 4521 8471 4239 1460 6348 5746 1594 3001 2039 7945 1066 129 2007 7730 3557 2629 3172 8908 7076 1422 4972 8666 4491 7866 1084 5124 9824 3162 6879 5335 8392 1631 4110 9010 8481 -15 1300 4266 9444 9589 2179 6728 1108 8863 3795 2700 4675 6693 9419 4768 9737 485 3978 862 548 725 1475 3928 8589 9125 7801 6862 1227 3096 3007 3976 2589 8445 2530 2255 5409 6609 3446 8903 7344 2435 1909 4878 2991 292 7614 2026 6260 4736 1171 4052 5085 5609 1444 1413 2011 6017 8148 4128 7428 2500 8880 9342 1247 8857 9976 2243 5299 1905 956 9957 7434 2978 3385 153 2072 4555 4470 4940 256 6324 6528 4190 2046 6701 2134 16 2770 3527 3825 3182 3715 5239 7505 131 8261 9473 45 1178 1099 668 6748 297 2077 805 6734 5275 4043 7701 2391 358 7454 5534 3581 9507 7540 1496 4061 9302 -6 7311 746 5195 8832 381 6441 3210 7753 9482 9525 3362 2289 4627 41 7886 5587 963 2041 7869 6745 2353 2477 7135 8234 1371 9087 7881 8530 1331 1326 7521 5974 7247 8134 252 2644 2113 2982 4175 8282 6541 7384 2958 3038 3324 659 1963 2751 7561 7077 9178 2840 634 4138 6736 7143 7668 6288 4522 3652 -31 2118 3911 3915 5001 2514 7496 575 8421 932 6187 4080 2535 2172 3293 9066 5868 7269 2271 9495 6140 9135 7267 6307 9173 6672 4626 7149 5589 812 6998 3545 3633 1179 434 4556 6054 9287 4226 6041 2995 9775 2040 9377 1434 5683 6390 5705 9331 9981 4317 9004 6061 8877 8496 9203 9605 3566 5167 7726 5427 4510 5483 1555 8409 5118 779 385 351 4533 6940 2162 9441 432 8006 5915 8879 3454 3084 3419 2863 4750 6315 7314 2920 9479 9152 3095 7943 7170 5188 4752 6371 730 696 8364 8485 9240 8705 9913 334 4580 4154 8373 703 4919 7254 8038 1210 9463 7685 5594 7860 6473 5425 973 9669 5766 387 6203 1471 8472 407 4794 5799 6347 6973 1611 9288 6020 7781 7351 9868 4353 4319 4809 3158 380 9613 3894 4477 9572 8153 3953 5932 4331 4673 3704 269 6012 1510 8829 1418 3931 7652 6790 3348 7898 8948 9271 9093 762 9701 4037 3281 7182 123 3735 4294 4180 1610 9167 7576 7363 9146 2803 9202 6543 1107 6126 9034 3942 7562 2360 1492 5831 7995 8424 5750 8592 5978 1329 522 6386 9478 9466 6345 9163 7811 8348 2336 4636 203 1314 3695 7750 3501 6795 6767 9739 7892 9228 1457 2562 516 23 1421 6107 7313 3412 1833 9480 8381 7903 5394 3711 1667 4405 2051 2614 8692 8708 1877 3092 9643 1581 8780 373 6579 6004 4754 8433 7123 6505 7502 899 7197 8670 2544 4738 1907 6180 1217 1202 191 8004 5936 573 8266 2532 346 177 1138 4842 5691 308 7620 2368 2923 5326 8109 7372 1169 5840 2259 2857 3423 5925 5043 5783 4701 683 1657 9681 5100 1550 7939 4532 8906 3301 5155 9095 7328 4255 828 4172 9958 2111 6225 9195 734 5295 8426 3606 5361 1691 7953 3303 5168 9308 9161 8216 4332 7382 8760 5014 2001 4759 193 5762 7508 8055 4272 5599 9108 9910 9833 6832 8932 8338 6573 4153 5629 9044 2400 4350 7305 5238 4504 6618 1951 1619 5681 5134 6901 1254 9966 3796 9700 6085 531 3402 4623 4291 -27 5689 3903 9651 322 8756 4400 3252 9401 3391 1489 1284 3004 3271 3220 3949 898 6992 6990 6463 8677 3955 678 5643 5857 7650 9485 2217 6411 3555 7657 7406 8019 143 8155 1716 2741 5475 1097 1281 7843 5764 7581 5380 6590 772 768 263 946 9725 8721 565 157 6984 3276 4461 3106 951 4898 9542 5659 9183 3227 3311 9360 5233 8645 5174 6104 6485 1088 5835 7322 7651 7047 7019 4998 8927 7401 5498 2689 4544 4103 3024 2012 4672 5773 4606 619 5121 677 8859 367 8337 2969 9469 59 3875 3143 705 7272 1394 7364 247 4528 2479 2880 4763 5364 4647 5327 3677 5334 2619 3329 3309 17 7027 9904 8386 3266 9986 142 7883 6649 5424 6032 1966 8448 8274 5069 7264 1552 1834 3624 3775 3002 8020 4518 2558 4601 8221 3669 3338 6884 3291 7356 2300 1476 6135 1048 18 149 498 1981 971 4882 2960 9656 576 1588 7499 875 4119 1164 -40 2556 5111 4679 3186 7978 10 8401 9000 7646 3881 8771 2319 3621 6515 3420 4115 4088 151 4707 5393 7051 8982 6948 4617 8279 7187 4946 7016 9646 2080 1577 4056 5885 4775 6524 5406 9196 3401 1920 727 707 6796 4727 4398 5657 4064 3916 135 9102 2305 6148 571 1996 6864 7536 439 769 8291 4796 3754 5154 4500 3886 6169 2975 7756 5550 7229 2828 4841 5312 9512 3410 195 7323 9812 5538 1385 9827 1406 3045 3871 4516 3261 4728 5114 9551 3538 9562 7252 4443 3982 960 3460 6716 5458 5456 3099 4539 5619 1862 98 1478 3364 3638 8658 9298 8473 4857 6971 8212 2358 2378 7837 1536 8289 3434 -22 6401 5023 8655 9863 5462 6139 6047 9496 6370 445 141 4320 8294 1511 3935 4600 7192 8675 1669 7045 4035 1251 7727 2856 5005 9959 5548 669 7296 4505 5801 2092 4719 5608 3591 7916 2684 4252 4989 2402 79 8446 3373 3026 2105 5379 5939 3637 4892 5583 9020 4552 9406 6952 1087 2120 8741 1316 8522 9073 507 5499 7922 513 5970 2858 7926 2352 7570 3241 698 591 5930 7326 8253 9573 6189 2924 5566 2338 4644 4468 7968 4631 474 8321 4740 5170 9836 977 1760 7324 8864 1910 3314 8802 7002 -18 3745 5644 8915 4126 4325 2121 9940 9955 3828 6265 9216 604 209 4171 1636 3016 3461 7115 892 9071 1118 7806 6875 6470 4347 9277 1083 1139 3234 235 1885 9358 1858 7764 2691 6121 3221 7899 3905 9219 1906 1746 7030 7332 2836 7334 7470 8510 2642 345 4221 5924 4024 4662 5897 3181 7318 3739 8918 3425 5517 1988 6495 1930 9794 4897 9529 8269 6493 1336 887 2911 8097 1740 4213 222 9042 9417 1599 4723 1459 7417 9049 3748 -21 5046 7997 9970 9226 3864 213 6206 9451 4268 1393 7418 5064 1995 4041 3874 3433 5407 2546 7391 1779 1572 9121 7770 5855 2950 6714 2735 5442 1850 5346 5732 5731 4478 541 8907 8602 2079 3116 3465 8548 5128 9849 4474 3612 1672 1811 8051 5649 8222 4608 2070 5979 2489 4174 1896 6872 5138 1353 4599 1051 9768 -8 217 2952 3985 2670 8515 9720 3954 7404 944 1612 4834 1273 2476 7827 116 200 3769 2238 8688 9505 9208 2508 811 719 3730 8791 4358 2099 2653 5784 4935 4886 5418 9246 3015 879 5479 2131 2066 6219 6080 6835 9622 7284 9499 2769 931 6768 7276 8372 7988 8149 7057 1290 4369 2925 3008 3258 5901 4637 2555 8588 1122 8076 652 4129 4667 1266 7411 7924 2495 9939 1023 1172 5540 9309 6272 3793 9192 8056 5675 5042 4714 6028 7292 -24 7001 527 8533 2277 9282 9999 929 7595 7398 9788 8438 1972 -38 1704 5792 7786 4598 6725 1763 264 2764 6914 7792 9909 5302 3449 6918 8934 4403 3645 9586 7889 6245 6366 4439 6453 4465 684 935 1882 5019 9797 3137 8102 4902 8968 979 4823 1346 5838 7839 8997 3115 3452 6673 4786 1228 8429 6456 9366 6960 7717 7208 7250 1168 3774 7130 7431 309 9343 326 113 2561 6814 7414 -26 1137 631 305 3922 5739 8173 470 8983 4756 1586 2239 5153 3574 4324 8990 6070 1899 4969 1533 5186 3118 6392 1546 6622 4106 3833 9389 6684 9503 2244 2423 8395 3381 4661 2385 192 3248 4027 7698 5096 2317 8322 9659 8379 9626 9394 4338 3811 915 9844 7529 830 6550 4459 988 2082 8943 8111 656 9945 7681 1974 9705 7565 3102 3805 1494 8724 5965 422 4704 6959 3585 3812 4386 8440 4624 3744 5651 5634 851 8071 7259 908 9149 2222 8820 3528 9597 8682 5973 9498 9171 6565 6554 3853 2773 4805 1414 6631 8593 2117 1873 5736 5626 2220 6045 900 1880 7966 3078 501 452 847 2416 4681 9384 6799 7749 9432 199 7089 6116 6566 7261 674 9075 2440 2498 3334 8772 5444 8158 6615 8136 5467 134 4399 3781 201 7349 2091 7709 5421 6198 5415 2633 6502 2426 2654 8189 1134 7818 8689 -19 2009 1635 9987 3772 8185 6750 3705 8015 7408 570 6301 2467 9420 3583 2521 8393 9345 9549 3036 5370 776 8232 3951 1816 1788 3097 5578 7737 3230 4887 7430 2307 2701 543 9138 3203 7937 5653 5319 9391 7193 5996 3679 215 9045 2045 5737 4827 8790 8656 3283 1150 8765 9204 6341 8699 1490 34 7167 9368 2055 8984 3367 7022 7918 624 8628 138 4467 1213 8905 2230 4125 5834 2630 2093 6498 2862 3826 1495 6885 697 3823 2414 1167 7026 3029 4831 8213 181 1890 189 8525 6837 7896 5760 3558 4769 5245 6816 6950 8128 9325 3868 7575 9354 7872 7608 6731 5385 1350 5565 2258 6200 5463 8643 7375 1754 8296 5255 724 5670 7702 8034 243 6848 6500 4444 3317 9361 5446 3090 5317 1948 1135 9960 7789 3499 1795 3034 163 5862 8286 8118 8500 6066 7091 3193 2395 9602 3149 7689 8629 9156 2938 4206 7346 9971 553 5633 8794 1579 5807 9132 4649 3649 2793 919 5320 1955 8479 7114 1984 1449 6813 289 4888 8509 7501 4711 5008 2354 9636 8862 8570 6996 7179 965 7008 6447 1666 1537 639 9304 7104 2381 8377 7640 5101 31 62 8634 2842 6492 2393 9157 1147 7969 8339 4034 1173 5646 9002 5833 967 5724 4816 4948 4242 7519 5755 1832 7447 9489 5772 1638 950 5218 6376 478 635 3083 7504 8098 1028 6459 524 9035 5908 8571 5832 1085 5292 3821 8417 9296 5856 3124 3443 490 3815 268 3463 4593 6580 801 2218 4838 1846 1535 2515 5356 2491 3991 858 9352 3304 648 9721 8480 8801 4746 7855 2900 4589 6749 7975 6436 6309 9929 3937 8277 2955 3046 6571 2047 6191 6448 7463 1341 4397 5237 4169 1851 4231 1096 1708 9387 7844 5347 3395 1382 8904 9654 3436 4891 838 5333 8873 5963 8635 7195 52 6640 2492 9954 6024 2247 4924 729 1852 7985 2867 5929 1121 8172 2545 7691 2885 6207 4208 3440 544 890 8463 6824 2838 4991 7833 4984 3175 8606 6812 5863 2312 9633 5487 1205 9259 4862 2746 4869 6325 1249 6114 8608 9831 8994 5248 4985 6801 2397 6874 5197 7451 854 5345 3247 6356 7255 5338 784 366 4480 1315 7245 860 9097 5845 2171 5972 6286 9012 3988 5044 2646 6806 710 861 529 8800 5145 4512 5358 4968 2125 6985 368 -36 1748 2890 2236 5009 3995 1991 1791 3413 2953 1493 7164 617 8937 9841 1554 8944 842 6977 6167 5413 9509 3184 688 925 2956 7596 7173 9445 -48 2784 2897 3938 9618 8886 7228 1771 3719 5582 6285 5035 2628 9511 6595 6455 2301 2579 5289 1699 6125 738 1105 1144 137 3552 3285 259 5429 7459 3946 1545 3242 8078 808 6354 7056 4274 3544 1186 -39 1782 1120 4712 5204 9779 610 523 4442 2587 5441 1409 251 4016 6433 5865 3764 2226 3498 5684 2106 4058 7494 7358 379 8303 5900 1145 1246 415 8106 613 3529 9756 1474 8283 4401 8326 2003 1532 1968 4236 6385 1208 94 3290 7559 7972 5685 2065 8958 720 1745 8972 4305 3724 9127 9376 6059 6407 7446 8712 1796 9532 2371 6870 8939 5546 6209 3626 4612 8499 2832 1050 65 3438 6587 4619 4640 1012 5693 2282 8987 3259 8427 1439 4460 2657 7025 2811 1390 6316 8405 933 9425 8636 4245 5628 9414 9743 852 1694 600 3299 2132 10000 6287 4575 5554 8959 6738 9458 1126 9429 1820 6037 2516 3428 5722 5987 5279 6256 8697 1525 5971 2183 7890 -45 689 5988 2820 5690 3363 3170 8120 9101 2462 4635 7800 9273 47 8101 7693 4428 3444 3860 718 8197 8113 4760 2550 4182 1119 6458 9110 9337 3989 4563 2408 655 5293 5247 1937 4659 5048 8674 1027 9920 1116 8061 9474 6284 5912 1686 7354 8603 8156 790 1835 8497 2877 1235 8540 7310 4904 3180 1369 4365 2613 4380 3728 1941 2765 3676 2504 8575 239 8727 9949 2384 4004 3654 6405 2124 4911 2757 5212 1925 2807 2872 8805 9528 1443 9263 4978 5563 7830 1283 1388 8642 916 4850 8952 9260 6655 6230 1887 6513 5315 6798 9365 4524 3111 1727 7092 2304 8512 1643 298 5781 8132 9082 880 599 2335 324 5390 2552 3950 4214 1148 83 9315 7942 3033 636 1184 4708 4185 4669 4861 4430 3876 8083 3343 7994 2283 6468 5304 7116 8447 1370 6522 4161 2056 68 8676 8856 8046 3458 9025 9415 6311 7992 386 2831 4046 4019 9356 4722 7817 6562 7846 557 1786 388 1451 1192 8159 2762 4097 7558 3302 8690 885 3948 7718 4821 8860 9427 3806 4280 8494 2090 2266 6144 8875 9068 833 7723 9746 9320 3535 3851 2463 283 9492 413 1318 340 4147 9781 1520 3887 5935 7775 132 3965 3798 526 1185 2738 4933 5864 5503 7079 1889 6380 1678 778 6184 9645 628 4437 9937 4872 7294 364 6262 35 2084 3625 8876 -16 7119 9159 3789 702 7060 1721 3702 1436 3810 8517 6556 1203 7121 3042 8022 2915 7275 6871 2702 7940 8182 6397 3597 6039 8627 8086 6866 4295 7457 6236 7931 417 6100 7078 8493 4479 3768 4118 4824 8036 9563 7547 6291 111 9615 1903 4389 496 6855 731 6965 4271 864 2734 4937 4068 2068 8080 5916 7514 3361 5742 3604 9995 5730 1883 3653 8922 3783 3840 5696 9294 7257 486 3548 9404 1133 230 2328 3657 2968 3229 4359 9176 8368 9437 5552 327 1958 4471 8181 4905 9672 2340 8810 559 3517 3031 6654 3737 7961 3762 7807 9326 708 3321 3312 2512 7546 5790 2108 1726 9094 2375 3708 2021 3746 2494 2598 5953 3890 4896 9353 7371 9046 4413 6964 7979 9134 5187 5559 8981 5585 8599 2119 8081 1110 1103 8188 1296 9851 6583 7530 2844 3549 7611 6327 7480 7242 9785 8288 7464 2682 8966 9630 9181 0 7642 3582 2631 2604 9559 76 6584 4489 4931 7887 8813 7785 6027 6518 3469 8826 2364 1675 3598 6751 9383 2650 383 651 7169 8204 9475 5740 8613 6442 2704 4335 451 6606 5399 6157 6628 2612 4077 1804 3712 7237 9402 6056 8415 3378 404 3037 3525 148 7212 8443 614 2948 8389 2332 504 3268 680 8971 5955 1894 4577 81 1681 5948 9822 2775 6938 450 2157 3848 357 3639 3177 323 6671 1007 6464 4801 7729 9346 5918 5567 3656 7064 9748 495 1059 5269 4484 2696 3414 6755 5405 948 8315 9312 2860 9350 8254 4063 6597 1321 1033 376 7068 4095 6087 1442 4089 1078 5570 4545 9914 6923 211 5595 6326 6957 6604 6886 3122 9155 5926 1374 3222 646 5282 2137 9819 1932 4345 8384 2455 2649 3383 2294 2595 6761 7852 7762 5365 3185 63 873 6508 7948 8751 4773 755 9816 2833 21 2033 3189 4932 4567 9683 9694 9735 5401 6208 2819 9267 8586 6395 6955 2928 8781 2525 6883 5888 8475 9790 6344 7509 4493 7213 3592 5678 3133 8403 5836 1456 4625 7957 4228 4366 2888 4456 8639 8574 9336 3398 4238 9186 2409 8374 8920 1429 1847 1477 1079 9179 9657 9397 5066 687 8476 7790 6387 961 9852 360 9244 1401 5058 2582 9874 9386 464 4913 8064 4855 5847 398 3706 1790 8531 6882 7021 9596 1161 4423 1698 9666 4292 1356 7217 6698 4582 481 5205 3431 7393 8978 8166 690 7548 3369 5457 5324 3882 6432 314 3576 6746 9199 5982 717 3572 5600 4070 4880 5178 9731 5788 3503 4251 1592 5828 7330 3687 1707 2318 4152 4859 7155 5246 210 4650 4111 2460 2387 2324 2945 7206 2182 9013 4121 2936 8324 5411 918 7098 2061 3879 5199 4939 3201 4901 2519 7151 4425 626 9258 6478 8986 4525 6647 5235 4082 5050 2854 9501 6941 431 2190 9854 757 7362 6235 9508 9341 2013 4311 5654 9098 9547 8341 5526 9316 5090 3288 1839 1616 2753 7673 6865 6152 5502 8195 5679 6829 7473 3339 5549 4209 4918 7532 7338 645 6721 5596 248 6626 5803 9663 2147 9275 6241 6510 8017 3918 4846 693 2176 6273 4124 8663 7474 1518 5453 3027 54 704 6690 7836 877 8366 1637 4060 985 6233 8728 7450 5794 5025 7018 1908 3505 9188 5993 9815 3541 9430 5198 682 1194 7679 6294 75 1441 1564 5316 2710 7876 5507 2637 1527 2677 1931 2722 5530 6936 8579 567 5038 4996 9786 5854 8152 2240 5436 5713 44 9649 9886 5159 6713 9139 7006 4849 7970 1859 6328 4930 8954 7500 7828 1098 1947 1915 1040 120 1702 9446 5012 1200 4193 3966 5504 56 3818 4543 7378 4883 4200 2785 5839 4755 8127 3128 1558 2248 9380 2103 8893 968 4258 1780 4715 5080 7445 4570 8249 8239 9726 6185 302 8955 9322 994 3100 8404 7484 7086 8297 1095 5992 1034 795 6576 8696 6384 279 9892 8858 8714 7185 7374 588 7754 2396 285 4303 8492 7241 7476 2037 9300 509 7367 3493 7088 440 6888 9702 6676 4475 6005 4578 8402 1094 6894 1919 6947 9078 1524 6931 7612 9435 -33 4843 6780 1077 2049 2450 4548 2848 9330 4487 2185 6978 8769 9200 1684 4793 1124 4815 6644 3603 7483 3196 3668 4136 5171 2973 4127 8569 6377 9699 1665 9985 3563 1253 3773 6907 5180 2022 1924 7910 3213 6616 556 6804 1999 9603 7139 3492 9061 6295 3957 4455 2129 8465 8110 8807 6741 7617 5521 3397 73 4364 4959 6173 -9 8796 3187 1559 3353 4014 4449 6030 4944 3176 5337 8551 6534 1163 7112 9948 4960 3518 5672 3858 234 8334 3489 4157 9548 6472 6269 8275 7345 1701 8734 8598 7766 563 1304 9941 583 3883 4895 1432 2605 7960 9133 8716 7941 3593 7553 8550 6274 2169 3757 2596 105 6535 36 5451 3370 9400 9220 6016 4090 2627 7154 6717 7038 1250 2014 5097 6036 512 6797 9690 5795 7950 6079 913 7976 9409 7545 6250 7152 9810 9600 1207 3240 4508 2256 3522 2557 8258 9378 4042 2314 8632 4204 3740 694 6890 1366 2759 6820 6603 8778 7695 9398 4451 1794 714 5610 1685 7670 5387 5149 2505 4098 8590 4188 3209 4396 5196 9264 6346 6772 503 284 -3 840 2602 7403 609 3107 6711 1696 1140 7350 9989 7572 2586 1956 6147 7738 7980 4818 2069 2727 2522 8612 3284 7248 488 4917 6709 3747 3536 1355 139 7287 6629 1793 4926 7605 6946 2815 9599 92 5122 8887 5895 4143 1198 9028 106 8733 4289 2780 7555 741 3105 8420 1174 540 3043 3889 2329 7771 1280 5291 3703 1036 9652 7527 8615 7878 3847 7316 467 1856 6664 3832 1710 1387 9447 8331 2303 1068 299 5743 2036 2052 3123 1260 3607 7429 7436 6214 6966 4680 4586 311 3336 155 1553 6077 9457 1860 9544 9757 6134 4431 9890 4298 1715 1506 2369 9129 1313 7426 3824 8302 2357 1187 5433 673 4643 3141 8000 4071 2442 6762 5416 1206 3827 1764 5093 4829 348 4244 2618 7904 5491 7131 5482 577 7584 7965 4814 2732 2419 5624 145 1576 7524 2541 1130 782 4899 2921 449 3056 8582 260 2116 2394 6763 7232 4116 9744 9887 4949 5328 518 2533 3693 4945 649 6668 3659 89 7551 3474 8316 4874 5837 6333 110 8867 2786 8725 9520 2164 7925 245 5115 207 4384 2418 2728 6415 8896 685 8383 764 33 1773 8174 2871 6160 7279 7497 4241 4191 1215 4665 9472 7449 7118 4987 814 7893 8030 6007 1516 3718 5907 328 2679 1927 6953 9105 5994 2160 8089 5325 1344 7386 1813 1668 1426 9830 4597 5152 8391 9665 9090 8616 8519 9921 923 6752 7419 6982 6694 61 794 859 7219 8215 3246 605 7472 8710 4993 9935 819 5769 3264 6585 3342 9251 8782 1606 9753 1256 8094 4273 586 3407 7432 7125 6643 907 9925 3671 9001 7803 2536 6374 3346 3426 150 4030 7262 3481 2261 8967 6128 2015 146 6533 5032 -4 1053 6509 9392 1750 832 3697 2302 6759 9759 3140 6968 6480 6267 5397 6451 5708 9086 5450 6011 4916 2563 2163 7053 3829 821 7859 5493 7735 4464 8933 1878 825 9283 7295 2362 6578 7303 4605 789 469 6719 7794 7935 8672 2847 424 2752 2987 4853 7442 2816 999 3236 8029 536 9991 7188 319 93 6182 8495 8888 2767 4349 2573 4885 5439 3634 3366 535 9583 7804 6742 9092 2366 508 9091 632 2112 7489 5876 6388 1157 6172 3470 2787 6808 5242 4167 6352 2615 1845 8058 5165 6378 3154 6312 4632 6029 882 6669 4049 9117 4343 3514 2869 7868 2320 6484 9808 9449 1569 3298 1652 4977 4851 6445 1358 4590 4535 7721 8454 3689 9689 8869 3098 6058 2918 272 878 7144 7380 5003 551 6099 9237 8419 9367 2692 6715 7174 1591 3352 952 4002 9717 9703 1384 5827 6520 6663 5082 6805 8930 4414 930 2795 7590 4183 9695 1673 3992 1677 4607 6277 9510 1322 3424 7044 3569 7288 2671 2334 7171 6545 3165 119 2609 8763 7108 5949 8117 1362 4780 6988 2097 6778 6471 7168 2853 4568 1993 2539 1132 8659 8817 5192 7319 1960 566 9609 5697 4162 4315 9120 5109 3791 5031 6507 9641 9189 7146 4472 8667 2406 658 5753 5871 546 2 1892 537 2980 6558 8594 2158 7747 9537 4302 7725 7109 5162 4813 1320 5655 2438 4381 4950 1183 7050 4530 6687 9067 3073 2931 4520 9187 1929 7688 7531 5382 9124 7385 8651 5250 6482 4966 4075 1528 -35 5627 9077 9988 2883 7129 2865 8818 6632 3856 4513 846 9801 8482 1784 7591 6997 6389 5262 8487 4140 4362 5571 1718 8831 6231 6986 4546 775 2996 9724 8178 1019 2910 9742 7986 8815 5360 6722 1734 4537 6836 5141 4921 6619 2031 7715 4310 2184 4514 976 9670 7046 1630 5607 6859 3331 4628 8852 9901 7933 7180 391 7632 9212 5062 9056 6353 5378 8640 4288 1730 4856 4054 5286 173 7655 8973 2372 6600 3344 3741 5278 6563 1170 5842 4997 3270 9137 9041 917 397 2772 5959 8358 -23 3502 2499 6252 5477 2821 3376 237 7952 2527 2898 7415 5310 5355 4967 7739 5274 3760 3155 611 140 8822 179 8124 2344 1502 8407 3052 3442 9160 3980 5625 3839 2410 6321 5492 6197 6042 695 6695 9289 3453 190 3752 1005 1650 5267 1400 4029 6999 5225 1959 1680 598 1902 2295 6994 8637 3674 9543 3110 1584 8387 1768 8236 8755 2483 747 8671 8191 3429 303 928 5514 1162 9592 1759 521 9806 3253 4216 5414 6735 7106 4123 8060 3415 208 1766 8600 2130 9143 7522 13 5652 3163 8704 2992 8508 6430 8165 1798 1531 7439 6830 7253 3936 5240 6199 6074 9334 5591 5024 8996 9233 8233 8737 95 4160 9245 1897 2309 2020 1538 9964 8001 9982 9104 8490 5120 9805 2228 8131 9027 3326 5891 4374 7662 9106 166 7912 5160 8788 8199 8591 2331 7894 7599 7616 7654 888 7829 9335 1287 9799 834 4906 6913 6559 429 8929 7761 4778 5598 8974 5203 1857 9623 3570 910 5375 901 2006 5968 3197 4476 87 9884 1778 4109 3913 7578 9217 3836 9729 9257 3510 2733 9882 5622 8951 7742 2835 4693 8969 9617 9281 8821 8126 32 6034 2029 2632 6729 2325 8227 7462 8437 7230 5468 5201 69 5495 7069 4013 6194 184 1628 6154 4256 7607 2008 1521 4806 2638 4105 9278 6063 3646 8524 6919 2805 7840 4051 7453 1509 6275 5142 8183 9773 5551 2180 3216 7676 9635 4990 949 8899 425 5389 8085 5590 831 8461 7538 7339 3417 9006 3912 2542 6927 6175 3975 9280 5688 742 9297 4616 676 5243 8363 670 9862 9751 667 3766 4300 2094 1236 8511 6221 972 3206 9504 1901 9355 1445 940 8137 3924 6305 5641 3035 6018 1875 9637 8566 5485 3050 8647 9556 3269 5127 3819 5383 9906 8320 7802 3267 7556 9268 8450 1836 7851 7368 9491 7190 3468 7819 5176 6639 2472 7251 6911 7379 2673 8453 5220 2075 8744 9634 9888 8317 275 3986 5983 5561 9845 4767 1261 6363 5244 6572 1517 2434 5367 9166 5448 2855 3071 5954 2974 4914 1625 174 4247 6976 2994 3039 7864 5704 6962 5686 638 2126 7981 236 3608 6261 2551 5853 9255 8350 1485 9917 9185 403 9461 2750 4706 3351 5763 2830 5808 7412 7708 1634 6051 9310 818 3807 5270 8620 6150 459 5523 9483 9084 6375 1964 4564 6474 7333 8376 3448 6623 9371
194
Test Case 8	
20
50 10 10 20 20 5 5 30 30 35 35 15 15 5 5 10 10 20 20 25
4
Test Case 9	
10
4 3 3 5 5 1 1 2 2 7
